628
13301
7625
154
3477
10159
10367
9244
10209
969
6833
1786
295
3320
3806
886
12491
7474
14832
11431
2842
6101
894
13882
12527
190
3518
5806
7592
11531
6847
8219
9831
14471
14725
13307
981
1443
7550
11189
8763
5734
4326
9057
405
8131
1295
12896
6956
7478
678
9798
13579
7923
31
2457
14464
3548
14614
13407
78
12812
12977
9909
12282
12701
14567
4614
14144
13469
7154
7906
4202
11480
8315
4607
10962
9609
8854
2918
8438
883
12715
13368
8805
4097
824
14620
7644
6789
13026
7722
4600
11002
8982
8233
8703
14900
12846
14198
13368
11352
13455
8922
7831
6769
4880
3792
7729
5085
13061
1167
5967
2127
5886
6123
6223
6710
5742
13867
13498
3767
12940
9450
6120
13273
2682
14822
13172
528
5371
2892
3231
3826
11813
11061
1946
1692
6204
1027
6776
10617
8545
4094
12743
14430
10216
3966
12491
7309
9184
2341
2427
7123
11790
8546
5395
14471
14720
9918
6350
5090
12809
9580
267
9621
11992
8565
2664
9548
9591
791
5164
3135
4884
2906
2564
6451
13223
55
13759
7406
2395
1185
5880
14184
9731
11274
5006
9450
6192
11356
5891
10352
12287
12510
4973
9279
6074
13988
10178
664
14779
341
3798
4662
9598
12713
2465
7821
12767
1223
6578
6513
8760
12458
12048
3490
83
2054
4291
12626
4761
1533
7978
2047
14042
12950
11325
5115
11937
6502
5778
11715
13194
927
7729
7792
13640
10193
6964
2758
2767
13541
623
11526
10998
12670
6367
11081
6075
2009
8706
10835
3542
1683
12882
8935
5984
558
14050
9273
13412
11179
12339
11605
3458
5067
10748
8449
6611
2711
11206
9378
1252
3180
12255
3601
850
3622
14681
6924
5630
14739
2759
523
7773
6992
9458
13757
7549
8507
14381
5960
11037
11719
8917
14494
1786
4664
7942
14748
13727
10500
477
14978
13679
12732
3578
5880
1353
9611
12804
13334
701
6914
5209
8473
13905
14666
13581
12805
14524
12961
3765
10560
9680
4033
1406
2817
48
699
2564
13774
11198
9393
13751
1229
7124
8681
7108
14828
9643
11263
4513
1695
3176
9721
10167
8432
9386
100
6237
261
13060
1353
2173
14091
5385
3578
1907
5432
4276
10823
10558
6826
5215
9308
8054
3690
9340
161
3517
10334
11424
14381
12028
5951
9102
13547
5735
9839
13646
11971
10100
3057
4675
3624
2148
1411
7201
10406
6842
2828
6228
2399
9653
2794
3059
9058
12835
3750
571
7703
5436
11994
7084
8815
9296
1185
7361
30
2375
6006
3352
3826
9063
8026
7449
2562
9436
6001
12967
7630
181
10547
1380
1185
13340
10790
10243
11175
5892
10813
3877
11327
14158
2312
5141
8453
3496
12502
14835
12223
9859
3186
1048
10273
2564
14849
12834
11999
5849
10801
4628
12381
6347
12360
13566
11038
8149
8808
13564
5392
4620
2441
1718
10129
4752
13211
9933
14600
2064
9767
3174
3274
4305
10573
13547
6868
10421
11380
3866
7622
13532
14846
5002
11230
3557
3567
7268
11705
3726
5831
2097
14697
14623
10166
9825
10727
14728
4758
1678
1791
5876
4851
5065
10180
423
9963
2047
2196
12694
12265
1169
11226
3462
6170
7455
7018
1089
6074
10074
4814
11905
3522
10863
2879
5040
5687
13605
4767
1796
282
6558
14024
11484
2974
9203
11907
12936
2602
5454
10629
6218
6622
13206
9679
4143
12013
8048
5231
3086
3121
1397
14990
12995
12259
9221
3034
9297
7825
7800
2445
14459
14357
1468
10942
8682
2022
14200
12969
4623
4653
8598
2192
11274
13155
3222
417
10167
11269
11999
13253
5742
4747
4594
3736
8357
13814
6769
9006
6639
14568
11450
6097
5277
4269
8390
5310
6290
7590
3279
2265
12242
11876
4456
14868
10030
7678
6636
11549
10298
9986
9801
1039
14733
14394
11126
14441
13208
2894
8446
11198
8814
11247
8646
5442
515
2035
10751
13157
9624
5381
6773
13218
8608
11228
13085
9990
10257
11072
6538
11907
6057
1338
12945
12141
731
423
2934
5290
3316
11379
7839
3481
13978
1484
8922
5844
3519
11025
4000
4494
1405
10772
2711
10013
13352
7147
5002
14960
3218
11539
11866
627
4228
1163
4119
11310
1585
7052
1600
11252
3431
9438
14733
8760
2274
6
14603
5792
2382
9955
10285
3787
12078
4348
5151
10429
11494
1504
1741
6064
4394
4958
6690
8621
6120
2160
4930
14056
9212
12881
1660
3994
13671
7744
12753
944
7749
12355
13087
10131
13661
14723
5269
10739
4070
1771
6167
6916
3274
14259
12979
7667
4217
11020
1287
1688
13179
12568
7096
13742
10449
8755
2735
9119
1498
487
1414
598
4194
14500
2080
2854
14222
7348
13592
3292
470
11111
1559
3743
1721
14537
2761
5937
1908
10399
13977
86
7967
6072
13828
9767
6178
7914
3885
7675
8401
11650
14624
3946
11149
1704
13151
10370
403
3095
5013
873
5557
6571
10967
7277
12459
13728
4566
14366
478
3542
5804
8444
965
10983
9562
7142
3896
4798
6168
3648
1447
5791
7593
12595
7494
5744
14317
14249
190
10681
121
5746
2252
2439
13022
6062
7518
2587
11780
7996
12480
2583
7791
4796
13565
2353
11937
2460
7150
9456
12460
8597
247
5052
12543
14092
2147
11859
13340
8688
7540
4812
14433
1143
7251
3807
7204
14768
12745
3983
7763
10225
12917
6906
20
2833
9258
3309
11645
7759
12764
9104
7707
4362
5507
5250
9806
7654
2108
14497
1341
999
4309
7126
2141
2911
10932
697
2678
8676
11031
1793
10252
300
8698
1624
3132
9307
11284
14776
8417
399
8879
1124
4761
14386
6373
5918
13391
14832
5414
6083
831
9722
13208
9323
3984
491
1371
6662
9167
3754
14806
10770
4053
14855
12393
13536
513
28
13312
8929
427
7190
10052
5187
12927
7776
11104
11317
7608
7869
8752
14790
8943
6959
464
12926
7450
8187
10939
7968
11940
10744
10089
7344
1950
7482
5879
2462
7509
10542
11391
7935
9084
12794
4473
7010
5570
6928
9679
4529
14797
3430
4318
8739
1740
4781
6664
9189
4319
8955
8508
1258
11050
3597
14953
13000
2430
12184
6813
1290
7725
3203
577
1808
7349
5049
8818
4270
3329
3496
8798
3125
13277
13115
3215
16
9247
1230
557
13566
10184
9064
6175
6234
4012
6128
10585
6441
3311
2397
7731
11035
11952
8307
4195
4300
4707
13012
8569
14387
7859
2366
8863
6135
6832
12077
12502
7430
4659
13058
12347
6194
7122
3522
3779
11133
1001
14363
8926
10663
8112
8008
13049
5063
7666
2243
714
3724
6606
634
3111
14464
9351
11973
11950
1182
402
9452
14963
11412
7509
12310
2605
5982
7183
12736
8467
14535
12098
2392
10197
11561
1751
14597
1623
9416
1840
2336
13139
14797
9321
1249
14261
3671
13222
2562
11204
4975
3365
11167
1386
10874
14828
3990
8207
7010
8077
8025
6544
5175
1768
8092
1735
3518
7688
9710
12933
879
3397
11072
676
12718
3672
6288
7740
8245
8849
3944
13219
12214
6462
14604
14439
6289
9946
13997
13298
3022
7022
11193
14548
8789
4284
7635
3659
11971
8696
1591
12850
3444
4014
13525
1161
7686
4812
8901
930
5012
4196
5501
8577
10657
11456
8015
1945
12753
13364
6594
7127
5385
2786
13026
5525
7069
12012
9183
10391
5707
2126
8240
9151
6139
13116
1663
5176
9279
1915
12458
5643
6110
9310
14219
1766
5765
13586
10062
3518
11949
1655
1996
8685
10792
21
5561
2860
12033
6096
4603
9091
8221
4194
3241
5711
2310
11256
2239
2940
13170
14696
8582
10632
9005
14153
3749
6121
12738
13811
990
1038
6817
2985
9722
2609
3006
282
5468
6390
12729
10070
480
5949
5616
10073
3012
7925
6328
5250
2216
4497
11297
2150
128
11653
1302
3877
9125
14039
9039
10115
76
855
13099
1149
3463
7456
7782
283
5197
5511
1704
5677
2811
7319
749
5822
6595
13428
2423
8811
2924
5071
10960
9404
8075
3613
4632
2200
2651
5022
12314
9078
5876
1764
1578
691
572
9359
973
5768
14869
9028
11444
9032
7699
3544
14853
14293
1971
8628
14455
11247
13698
1766
12002
6773
5378
1633
8972
14380
6654
12637
14809
3881
14400
1386
4571
6323
10745
11895
12091
1965
12275
14886
2348
4973
3430
2201
4265
11752
2180
10072
7998
877
11837
4999
14001
8567
12983
14324
14298
10988
11960
14107
14869
2712
492
10791
9034
2588
14038
12476
10905
11312
12362
13252
1284
7143
6804
11900
3894
8983
6971
3244
1212
10160
8242
212
10078
12577
14536
9375
8564
2847
8481
14784
5558
325
10575
5944
9264
9612
3419
11520
5923
780
1124
13558
7922
14279
10457
11816
8262
2428
59
825
3939
14652
7388
14016
12228
13275
8390
12144
1122
8223
11927
13031
8547
7501
3974
9162
8464
13745
5682
5738
14524
13157
4295
13798
12435
14752
1965
12048
8531
8375
12872
12469
14378
11612
11484
2958
9886
11225
101
11007
4447
12027
390
4345
10880
4363
4859
10695
9459
1892
1433
8983
48
5727
14132
12482
11830
1096
882
5360
822
13753
2828
199
10364
5663
3156
11602
8240
3256
7608
12686
6635
7997
8383
8866
3712
13241
4560
13170
132
12344
13504
6531
9423
12635
4012
6252
5082
4893
11612
5903
9998
5791
6102
11713
2806
609
8314
11045
10217
7274
82
1851
6622
8464
2068
1685
13056
12979
6207
4539
10323
4710
11069
11097
8697
81
2348
5130
11325
5311
11033
12674
2454
8486
9387
5259
9094
9052
7655
10662
1325
7736
12512
14299
7552
5931
983
11959
3910
7189
1498
5584
11899
12566
1680
11947
3998
10379
2076
6675
690
13108
4348
3143
12945
5086
14753
13391
14138
7407
9052
6814
6494
12916
6112
5397
3846
7095
8708
14107
5635
10205
4690
2533
14122
12721
5831
3120
8100
7907
9794
141
12366
5493
9635
1663
10579
9387
53
1068
8145
456
14233
5990
13371
5345
2739
8569
3791
11446
7675
9425
13002
12365
3310
12123
1437
9140
242
888
8398
1387
1028
12116
6880
10662
13778
8810
11400
13830
1229
10896
14285
461
1886
4008
12157
4624
12576
7299
7421
5250
1724
5422
8966
11385
2544
10403
11876
9138
2642
11626
10524
3670
8741
8755
5683
7518
2564
2083
12699
10144
12978
3335
10605
6215
7342
7761
2190
4917
60
9610
1519
8135
6383
1836
10871
279
3590
7746
9416
6232
4371
11291
9901
13111
5046
583
11980
13961
9017
9678
9105
6995
13013
11061
13209
5354
3821
399
1623
10232
1360
9493
9718
7743
11328
5588
8021
14918
13334
8788
6149
9056
5078
1049
13519
1475
7983
10498
6788
2000
11528
7244
346
9540
3304
13554
6245
13476
5304
7867
8708
6664
8711
3425
14406
5039
365
13778
4956
5050
7565
2456
14105
12642
3504
3975
5469
2838
5825
12256
4837
2352
4499
5182
11891
7802
10088
9487
6277
391
8706
6336
7054
2416
1113
12811
7454
1477
11588
3761
6526
4152
6216
11982
8146
1071
957
13614
3909
6781
10869
97
484
6719
11631
3726
14520
13070
13212
12148
13460
6917
3484
11866
685
4596
1028
8138
12424
3968
3251
3949
14471
9466
930
7616
10537
1886
12581
5797
18
14801
12245
501
6519
227
10578
12390
13296
8790
9538
3108
7058
4373
14973
7742
320
7352
7232
12743
11319
10482
1691
10790
11299
8972
9757
13187
2210
7338
3983
2227
7138
7580
9080
13657
7806
4657
11046
6102
4798
11935
9209
11856
1307
533
10949
1626
7884
3180
5720
10555
5013
13762
6344
7664
7734
7452
5850
9943
14789
1185
3521
6927
8764
12600
11935
7921
8609
14332
14022
4758
11267
14582
7965
3925
114
3914
11903
14350
13445
2622
1256
9810
1384
13951
2473
9117
6402
8322
10411
6191
9506
13931
4469
9621
2883
7755
2542
11491
13438
7915
7600
9704
7497
565
4981
13962
4478
1883
4663
9274
4504
5918
4083
12239
11220
6555
6355
2622
14877
1765
164
734
7048
10984
1707
9930
10090
4248
12772
8527
12162
5371
9583
11010
5935
14563
9972
1764
7797
5986
11038
12300
11904
120
9539
14475
13027
7245
2096
12903
362
8611
4988
7409
10946
6694
8690
6035
2293
6461
14562
14455
3183
496
1816
470
6410
11787
2233
14206
9125
4622
2857
12380
11094
3747
11854
9120
10992
13950
7022
2705
13912
3361
1465
9858
10055
10154
892
12347
7966
6805
3153
2500
13652
4969
2969
5061
8107
11554
4266
2231
7527
7123
14610
3620
10869
11464
12739
13212
1765
11112
916
676
14473
8732
1885
879
3885
9129
4577
3202
933
7730
5702
14585
4050
22
10997
12156
2927
263
5739
10454
13737
11700
14073
9605
8163
3164
14169
1279
14275
84
8307
5099
8816
10191
12329
4052
4319
1906
13606
11604
9635
10659
2540
5036
2032
13536
2191
4959
13798
14281
6764
12534
10981
12188
13491
4143
351
12659
11774
5978
4094
5080
2428
4261
6622
14757
14665
2293
1662
13270
13896
2648
8928
1435
7683
2311
14970
1225
7269
5120
506
14032
9005
11486
11220
13847
6980
2922
2857
10105
251
13303
184
2679
2563
13158
8787
8579
450
10448
6848
14345
4447
7127
7131
12129
9438
13452
4705
8058
9923
5210
13442
3928
8047
1013
9126
6379
3934
11983
1483
4185
1637
8019
13215
4199
6176
7001
4130
12977
8800
10977
12321
13246
9456
10803
1726
10245
9254
6430
3302
4177
2992
1743
14456
2390
2755
14933
120
13041
3267
1603
8577
4903
973
6791
454
13500
5143
4583
11476
5294
6911
8796
3539
1366
10950
11616
11610
5203
9397
6264
731
3740
14358
6538
12482
8465
6471
12601
6505
9737
14203
81
5992
6527
13223
6445
5026
9717
11027
1501
10
2937
1648
9900
10655
12597
6515
13616
9152
7263
11231
1234
11003
10589
7772
14836
4053
5594
12436
1909
6682
2991
8341
12673
9517
6563
10469
5895
7631
12847
7395
7640
784
395
8891
2790
4343
6757
7757
4846
14019
3988
6080
1373
14576
5203
1208
9980
10796
13644
11888
2477
7986
5228
6502
2502
3142
1970
8396
10772
14817
7143
9763
6952
13889
3653
1093
3231
1761
8849
14429
779
12836
5508
8504
3763
2062
1063
13742
12857
6058
10629
6685
14043
7208
4538
1545
10349
6508
1292
12472
12676
8434
13586
10979
13674
8590
12071
8257
10350
12271
7685
2481
10107
4544
10984
13869
6605
3398
3963
10813
9456
5943
2497
8498
13151
7035
1394
14851
4894
2686
12323
8921
2471
2260
4899
7497
10850
8321
753
6199
5591
8437
8679
697
4332
11014
5918
2288
14412
1232
13100
219
7174
6948
68
11676
5334
1462
11527
10227
10499
201
4147
4321
2460
397
11817
4661
8717
12569
10860
14308
12357
10890
6356
1688
13256
3625
3975
4019
4856
8426
4237
3382
374
4304
57
5707
12117
2935
934
7615
3135
11432
11936
11947
11829
8752
1607
11897
12673
3818
11204
10029
6060
8912
3069
4315
12536
7043
8333
2392
469
3921
12125
7194
8224
12181
12900
5341
6468
5185
4307
954
7969
1242
12900
11149
1346
5859
8045
14018
1028
10601
398
7087
4512
3466
11401
2047
1861
11085
10790
8681
5
14266
874
14581
11447
13773
11273
2914
10310
579
10219
3278
8173
8119
14426
870
5329
7470
14887
6356
9422
6636
4795
13933
10102
7547
7332
11962
3632
9473
5642
9988
8739
12867
920
11537
11639
12192
5802
13300
4123
1020
1577
3647
490
1002
4516
5818
14824
10754
3526
9245
2389
14672
14530
3842
7218
13213
803
10849
7685
12796
12189
1423
10662
13108
4311
13653
1652
10112
11952
12126
11132
4881
772
2973
5882
11639
143
12057
13744
3668
12654
7484
3339
3535
11326
1908
1747
3480
4109
9431
1276
1297
2206
3289
5756
6516
8293
13759
7980
5245
10884
10463
10125
3007
13435
7358
14645
13577
10767
4740
8596
14772
12224
3286
3306
8549
5194
5052
12028
9302
5834
4655
1950
8039
14296
14057
5907
7588
12816
13886
4184
51
9348
5660
3058
14134
13018
9054
12711
136
13794
12658
14907
11017
7296
3212
10917
12489
14615
14296
13142
5448
10303
6443
13487
9598
5499
10745
8537
9666
9630
12721
9717
3977
3380
12774
3110
7749
13179
7172
7884
11972
11182
14142
14340
3477
8705
1608
7317
8319
904
11810
5119
2558
3252
9957
12155
102
5701
5691
9768
330
9763
4484
10658
13143
8609
5119
12243
6787
12291
5127
3759
14824
10620
9450
3300
4325
11058
10616
3995
3313
13777
9113
5870
2028
4069
9376
2129
9769
6418
3248
10098
1181
7731
12107
14323
1339
2226
11565
8126
5868
8043
3236
5691
10015
12685
342
14339
94
2309
3333
3406
1085
3798
627
3112
7866
10002
11592
8987
1420
14840
4084
2600
13922
1191
8274
261
9768
11190
14738
635
10585
2973
12677
5599
7009
13018
11289
7103
326
5973
1860
1410
9770
2487
10873
8988
12488
7464
2974
5259
13655
13409
14210
12577
5951
7483
4189
718
10025
3926
7704
11961
6898
5380
2559
13906
3397
5199
6008
3722
11171
14220
11483
12293
1706
7355
6280
5545
6171
9253
10804
11177
14013
1365
8753
4964
200
12941
12033
10224
8218
4737
7184
115
10116
1094
5373
4865
6292
2732
8586
8814
1951
11421
6106
3656
10127
12385
553
1297
12989
2708
12474
12002
4072
12578
1965
4271
1871
5349
5846
10088
10085
4381
1555
5201
5474
6927
1417
3117
1010
10002
11931
2961
12774
3036
12968
7901
421
13520
9197
4761
7579
13022
1762
11651
1952
10078
7273
10174
427
13119
11613
1863
2499
4519
13415
14325
2797
14831
2441
3807
1185
14371
6767
13958
8759
11086
6858
531
9606
7407
5291
8536
11780
13405
11538
13731
8482
3811
256
260
8281
11869
2123
10779
7739
537
1455
10536
368
3896
14342
1552
9618
12460
6861
9728
8545
13719
10258
9502
6125
6901
3038
2904
5305
14575
7987
5138
3385
14594
11750
3017
2814
5224
5148
10553
5760
6602
6088
12479
1849
11781
5382
2819
9240
12243
12546
2784
10961
14156
12286
8437
12408
6675
2692
9064
6249
2030
14201
986
1624
2302
4002
4437
7525
9149
6341
4637
751
12428
2115
8951
9208
13849
11769
9799
11091
667
12583
13403
6174
1220
13191
3581
7894
882
12644
14142
9264
3196
6479
10887
5498
10481
6675
13022
10981
13016
9010
3083
1795
11125
12034
2355
1325
154
12153
12415
820
1087
2169
6993
2306
6711
1925
10199
13944
14568
693
8207
2764
7171
10445
14613
9003
2120
3986
4984
6487
12996
8066
14633
472
11451
8339
1796
11605
11844
5562
3776
12930
14082
2121
236
5792
4045
1786
4735
3613
2478
12942
12728
9649
8386
3692
3651
1857
14029
14986
14695
12024
8052
5680
3847
10854
14018
5642
7458
10861
2555
2586
143
1636
4706
378
13779
8750
8515
3514
3714
10993
7807
7793
11993
1192
2836
6995
9401
1865
6981
447
5240
6384
6126
9087
2237
5144
6080
1047
7356
14987
3632
7498
1622
14689
14227
401
14790
7742
10266
9856
10086
3072
9000
7078
10615
11836
14072
11367
5052
12404
11814
10291
3787
2939
10729
12376
14434
8161
13422
13142
8147
8405
11991
1120
14445
11218
1520
14234
10311
3137
441
11748
12560
9441
3825
8175
12628
9248
10893
2679
6652
7706
4321
1790
1997
6402
14165
7782
14562
12586
5923
7708
12342
2914
8827
11786
5483
1699
11020
7145
11187
2812
3892
8747
12252
14068
8273
1231
8315
4165
3909
6318
3223
14582
8108
5219
12335
7272
13000
11896
11210
10275
10955
8551
4540
11133
5337
1374
12831
7708
8518
9018
10519
3761
9116
14123
2828
2388
353
2494
6552
10614
164
1126
1547
14623
6344
13881
6894
10696
2128
9455
12322
13082
3006
1861
9214
14694
3234
13397
13753
3103
7414
623
6863
7881
14745
1042
10268
6450
9887
8171
8415
1402
9297
9961
1024
6992
8841
14270
2687
2320
8724
8
401
3081
8220
9614
2774
11453
8010
7878
14555
6775
8501
12769
14655
14597
5162
1274
12398
49
9445
5812
7802
3741
772
8826
2084
964
8095
4771
3283
8170
11130
10035
11251
4350
11001
5376
7154
10362
4606
13061
2137
4458
10829
8143
10406
7343
769
7804
13743
10213
4967
6544
5305
12091
369
7388
13054
14815
3510
7689
14337
5992
9075
10587
1693
5075
7314
8846
437
11919
6906
8925
1376
9087
2067
11782
7781
9187
10937
6523
4399
903
13066
1055
12993
4787
14795
2399
4601
3304
1439
3937
647
10513
5875
2339
588
4541
11185
1024
1459
9442
9948
9187
9880
3366
12320
2660
12553
14608
9182
8303
510
7248
710
4855
12034
504
7253
7986
10159
8691
3275
10806
10555
501
13144
11142
5041
9328
3517
12852
10122
4816
7038
5001
8182
10709
14013
12086
10316
8194
11740
2177
6793
12449
7031
10178
12952
5635
3164
8111
5677
12790
3916
1232
13290
8411
3725
3331
9091
7242
1182
4212
12057
14571
564
11590
1631
14576
27
3298
14122
11767
5474
12266
9215
3857
7444
13519
843
1959
6629
12872
14748
1896
5455
13037
10306
9179
7719
4396
7772
8900
14959
11181
14822
523
14122
1452
6450
14149
4749
11923
10915
1575
9189
11481
11783
1632
9999
12625
3590
7979
10496
9689
1226
950
7725
2884
1481
444
7279
9252
695
13590
5432
517
14112
10906
8320
11913
10054
13069
8836
12320
5995
3024
152
2777
11007
1503
401
14596
9481
2249
636
2059
9550
8360
4942
11030
155
12220
11634
7202
2161
8417
14070
7624
4322
7389
4537
14375
11809
4724
3046
2803
7747
3198
5579
10105
4700
12332
1052
14180
14580
1687
7590
9129
1398
12531
5159
1553
1103
1792
106
3263
1560
14175
10887
5882
6563
423
5256
9724
5146
8302
12526
4244
2851
3105
5700
7550
6788
6751
13081
6367
8437
5671
495
9834
3201
12005
2738
4303
5148
2843
7566
6708
2017
3452
3941
14932
10226
9196
9655
6723
8849
7180
10966
11699
1636
1665
10600
8423
14767
8681
6141
8203
14351
12988
9388
8903
9992
12126
13206
6492
14968
12123
4551
8337
574
8491
8268
10799
9038
2922
8873
2887
1453
4838
5937
3089
12854
1537
2863
12620
10217
9004
12174
919
6991
6561
9821
8334
10038
14378
14825
10006
11500
10727
3342
12073
4217
11609
14223
13255
5882
8095
7493
7334
4284
4781
1774
8489
6317
4637
12460
7885
13640
985
155
11982
7546
1328
5315
2583
705
11492
3940
12205
7218
13633
9277
2787
1593
14852
7393
7474
14298
14885
6160
9934
11017
7933
9774
8686
12569
7234
7922
2560
8218
8077
5893
7115
9404
11208
1050
10108
14051
11341
7312
12620
9974
7941
6758
11566
14144
14150
10392
4793
5386
1551
14726
1403
9483
9500
10088
13404
8085
3009
963
7654
2437
6856
6121
11840
9415
7170
13300
14817
3510
11963
3788
4835
11255
10546
1401
1750
9695
11792
6543
81
4694
12620
7835
14176
13471
9274
12579
6555
12282
4894
5561
6071
3101
11681
9262
3867
3850
7561
10035
13711
10876
13822
3546
13482
9367
11298
232
10414
8089
13126
1846
12782
10745
9680
3309
568
3953
7240
13474
7586
12133
4034
13656
6585
714
7918
10451
10915
6830
5485
9626
9057
10658
4523
7539
5025
820
14122
6790
8908
3599
8635
13041
14343
3314
7701
6262
13618
14940
4736
12555
3424
8769
11211
10008
9483
10480
11810
11749
8661
8646
6374
9070
4304
10896
7960
680
3067
7081
7469
3326
10679
1103
1366
1373
10768
419
7635
9385
358
3722
13291
3782
12490
853
13789
13324
2684
10599
10073
11345
4244
7798
11766
14899
10046
4725
578
13112
3157
8046
1438
5187
500
9155
12911
11267
9573
11897
12003
9931
618
1646
5064
4460
2498
3852
2783
5182
5802
4207
1526
1398
12005
4643
1296
7050
9367
8226
11513
3875
7623
12950
9061
14475
7105
6971
10741
8029
10220
14096
2959
10837
741
14374
296
3238
3226
9431
14771
379
13637
7648
1776
1993
12290
9424
9042
13008
9001
11907
1882
1623
9856
2294
1097
8312
617
3190
1341
10836
8637
10651
13024
729
10025
13320
10318
4602
7750
10089
11332
12738
2736
13108
14731
26
13883
124
4385
7883
12030
6267
857
13238
14912
8306
6549
528
2847
14241
2715
2835
1244
739
3563
2620
14058
5232
13573
13159
6672
9904
10896
9408
14363
1978
785
4597
2102
11521
3831
14131
2787
4688
12368
9051
4345
10269
9578
13543
861
3645
1377
8456
4383
11291
2427
3440
1522
7351
7950
14546
2255
10197
8953
7969
12175
1089
12566
14276
12609
1396
4758
6748
12435
8478
7150
1779
10098
1727
6673
2310
5371
8049
2118
1105
10691
4544
10896
3565
3247
3845
3110
5501
14042
3414
13469
2568
4502
2386
1843
8462
3782
12952
6561
1216
12781
13710
9347
7878
6789
1019
10188
3511
420
3657
4616
11110
14552
511
14674
2798
10708
2783
14650
9749
6196
4471
12316
2049
6856
5510
1863
10637
9813
14775
3205
7594
13485
3903
6823
11625
4921
8362
135
11692
12018
11102
7802
11570
11613
7475
14367
7320
1610
14017
8420
14157
3487
12087
7558
10342
8948
772
12331
3760
546
6887
2705
14030
10789
9528
2006
7061
2889
2141
3753
14907
13242
11554
2828
1206
10380
8546
14877
3341
7562
8296
2498
2400
11734
1407
4094
5681
2178
7776
793
2723
14662
9849
8105
10450
4376
10110
2510
7265
3602
6262
13523
8196
9167
7702
9401
10899
1247
630
14239
8809
277
8088
2560
12011
9494
13005
9043
11671
5780
9835
5746
5441
4684
13850
7242
411
311
1104
14027
3913
13717
3901
12108
7884
11602
12860
3782
12849
4841
9372
13009
5118
2460
568
2128
3305
13573
11170
14976
10704
12357
12073
1145
8392
10922
14738
154
2584
841
14181
6496
14558
3081
9955
7441
6035
14167
2574
3883
4007
11945
8243
9124
5756
8810
2603
9061
13734
13773
388
9438
2481
12460
1934
2224
14733
8023
2377
2316
8864
7909
164
8421
2342
10118
7213
8376
9284
1138
3610
4643
4434
11852
13766
10190
12013
1369
10602
2099
6493
2341
2888
325
6152
11173
2548
5884
4195
11276
14551
13058
10537
14714
12830
12878
1184
11394
12605
1819
12531
1214
6461
1965
4417
5227
3506
1429
12947
5459
3527
4439
7799
12766
4763
13950
8938
13662
11185
13133
1289
2087
11190
11825
1801
372
1054
9336
11765
13658
11154
9296
6223
2615
2612
10639
14193
12469
3420
12139
9279
6946
7929
8429
4712
4043
13730
5001
2704
9914
3133
10344
3352
5675
13521
5152
6046
5926
5839
9162
4584
1993
3457
2158
10959
12420
4149
10151
1240
7568
13641
1870
5865
6569
10298
1928
10611
9027
6929
4666
10292
10061
9
13644
735
4881
10147
13132
10807
986
7294
6742
9330
2102
8899
5288
5874
13047
6790
13465
11966
5430
335
2831
3350
1984
4758
5312
2363
11686
9977
4006
13099
1337
2649
5185
6218
4148
3317
8376
11485
1962
117
5814
10415
367
2453
1288
4766
9242
6105
1731
6023
6439
4561
9372
14774
671
14683
2136
3708
1011
6142
1806
8699
142
6991
6268
4289
1659
14643
7125
9972
6111
12938
5386
6478
6742
13026
11243
983
10482
4325
7005
8272
238
7728
8045
908
13762
10181
10967
6124
1322
12773
14823
7815
11115
6090
12104
4125
12085
10580
14096
3195
14870
10833
1024
6611
210
3618
7594
10691
7943
5950
3962
8180
13678
12007
439
3791
13539
11405
9915
6212
529
9737
14026
11643
7178
2481
767
4262
13061
6214
13809
12930
2047
14832
4540
8608
3450
3485
4299
2744
9435
14612
2275
14464
11618
9065
3254
1508
5469
4520
7719
12350
5608
6745
8992
12786
9225
1111
8399
13637
13676
13559
11566
722
13391
7458
682
8192
10942
4980
10935
11728
4591
4561
11191
7561
13625
5797
420
10445
10316
8139
7794
924
6235
8138
5061
6811
600
13459
5448
14275
3370
8365
6349
8112
7174
7030
1303
3116
3361
3589
14843
7951
8149
2386
6863
6773
8182
7283
2217
9849
6773
1363
10772
13007
9500
7184
11169
10099
11995
7968
9373
364
1333
7073
8475
8506
14102
9777
2973
2462
4717
9168
1765
12865
2905
14979
10989
11086
7261
4557
12286
5385
5919
14410
9743
6770
6593
5912
1868
3587
13879
2593
3950
6563
9665
12424
6421
119
13552
9393
2580
3268
9912
10696
7484
12816
10675
9824
253
2935
14381
12539
14672
11651
11948
9414
3421
9892
325
5288
13479
14204
14232
2428
12118
249
6204
3538
367
4755
12931
9298
14375
14194
4994
13210
12010
668
8034
12262
9954
13766
1152
9625
10416
13099
4039
13836
7991
10715
10476
12821
9918
9707
6600
13388
1307
12803
1925
1673
8910
14855
10971
8284
5401
964
12845
2410
7983
5878
6023
2936
4643
7175
3913
59
11625
14303
5246
10967
10017
721
8787
11287
1780
387
9674
3086
4541
11598
11111
13450
2805
7081
13085
8205
14396
10930
10614
7378
8159
1636
1665
12802
8810
11929
4212
11787
11231
9457
7753
6248
1530
1540
2534
9661
8278
12207
12746
12818
8804
8856
11268
11608
7288
704
4812
6683
11633
6777
5412
4792
8413
13429
8945
8574
10357
13156
5360
6588
13964
4465
12835
493
6004
368
10153
14281
12574
14251
3450
12729
14458
14717
689
6746
6773
5500
13428
3405
3629
10192
14548
3393
8620
14844
11966
3976
12999
8678
10563
3315
4494
8397
10159
10497
116
5312
1129
4041
10914
10930
1770
10371
1999
2458
2116
8771
14309
6896
3527
2937
2087
9427
6329
10706
9270
9647
6033
13621
9676
1596
1935
14169
1344
12093
1017
1460
8756
8497
11852
4669
4426
13621
40
6424
7430
8507
194
13091
402
10073
7379
8840
4499
5060
4545
13768
6058
1930
12388
733
3525
5674
6253
11220
2767
13621
12679
11522
7117
9531
7543
2894
14503
7582
670
13285
7440
7215
11375
7842
2287
3753
1681
6785
8812
12578
11905
14869
14507
644
6953
9383
6318
4557
5602
436
3177
9633
11957
1645
10515
10851
10891
10017
9784
11560
8301
2224
3774
11027
1417
12413
6132
9449
4197
6295
7026
7453
6164
12884
8097
4468
7266
14414
9025
4220
14849
3553
13852
3157
11550
9366
14008
7440
10734
143
3999
10387
2366
14124
6413
3782
11536
3896
13231
7085
10191
11608
14537
7706
9492
13985
12173
8109
4750
12549
3680
10950
7454
2531
5459
4003
3248
10818
2794
13982
10960
6792
720
13326
12267
13484
8459
8803
2380
6689
7239
12570
9649
13127
5275
10492
12112
2447
9952
1861
6348
13632
12811
13801
7514
3269
9155
10762
5438
11948
1095
1397
10091
8166
14722
7357
6649
14533
7511
9028
12573
14749
6597
7221
12876
3223
2712
1339
12022
12664
3199
3369
2647
7361
8521
10160
1981
2675
12273
7418
5974
4719
167
1064
12884
14888
14772
4533
5772
7283
4912
3345
13383
2861
10565
2610
6083
4629
3948
3104
8644
13499
12824
11290
5859
6344
12801
14192
370
1426
12961
6343
6144
13127
13758
10380
4367
13530
6264
10138
12164
2527
13482
10546
5387
399
13156
11470
5027
2103
5925
5022
6953
3749
1311
4164
1444
5463
3355
8166
6888
7667
5860
4384
5794
10970
6115
1512
9499
3730
3001
6662
6256
1483
8559
11643
8233
13066
14464
13259
169
5388
9632
13473
488
10942
2636
8284
7756
12342
7801
5996
5009
5012
10379
2154
981
7845
10017
10479
11574
13017
8492
2829
14499
8403
14471
14083
6468
13934
3693
12988
10674
13324
11461
2513
9265
14096
2148
8373
11438
9948
14368
7798
14960
1098
1303
940
8942
11319
2771
11867
9335
2614
14695
186
11016
5518
14268
8836
10803
2961
6823
6476
1284
3283
341
1901
8731
2488
10273
11520
12436
992
4317
3747
2089
11971
11038
2382
8289
13808
14248
2623
7774
13942
9160
3789
4459
8428
12624
6614
11388
10799
4441
4023
14081
4781
12275
14163
7269
7547
10682
11056
14890
6350
6154
1978
3320
2191
10711
11608
999
9958
5583
124
252
14742
3912
11062
14521
7888
2675
2260
10038
7116
6283
470
11896
3557
14633
10516
2456
10314
12923
8697
8016
4076
10675
11335
6267
12737
14295
13617
7695
11229
13740
7946
10970
9003
10359
1843
8242
13034
4102
3279
5149
10384
3749
8396
5293
3381
3912
14100
5046
8186
7796
4413
12262
9822
7100
9880
7559
6394
14848
6605
2622
13587
5902
4943
13941
1260
6785
7183
14293
2239
10461
10793
12622
5561
4189
9266
293
14452
8365
11691
7637
7513
1103
11250
2334
8202
12481
1244
5947
12328
7848
14920
10914
13749
11215
1207
6361
2999
8389
5653
11589
10201
1446
9211
7114
11986
9828
7406
11437
9545
4096
10425
2057
11551
13027
10742
4752
10507
3338
2051
7835
2537
1970
10100
1286
13184
11306
13998
7535
11046
4650
4123
6247
12447
4685
13360
9432
14513
12117
12220
409
1213
7645
8817
4115
5671
4558
218
7529
14247
2268
363
1784
4238
1815
9421
8773
13120
8418
1307
9166
4419
11782
6764
1866
1466
11475
2649
7330
8591
6221
7738
1155
13865
1554
5269
10887
12464
5487
3415
3062
7754
10130
4845
3343
3296
14265
12116
1415
14034
4774
1932
3453
1555
47
11670
3021
11521
14318
1702
5112
11890
9440
6266
10754
2345
11535
12992
6160
8373
7759
9222
7478
9240
14066
10821
12535
4683
7936
5301
3716
4061
13585
7168
5616
13631
3837
14988
1504
9507
1689
6615
6396
2480
4232
8502
4825
7118
12845
2336
490
11955
11557
7968
6194
1975
10140
10080
6657
9427
381
1724
13487
5317
244
4102
3947
10432
10441
11802
4938
12130
3416
2686
5961
14000
2539
10785
6117
6735
4473
12959
3690
1029
5926
1235
9355
7417
11315
7363
1843
3047
9087
329
8363
9330
10783
3661
4761
6223
463
1051
9704
10230
10088
665
9229
3978
2801
6698
10712
7273
4656
5753
14654
1933
6988
9008
9349
3302
1371
11191
12700
1809
2871
6062
2490
13653
9722
7250
4876
10184
14652
5931
5414
9739
6595
5994
5068
9396
12691
780
1668
2346
6532
7673
4278
4871
1681
4978
14524
9403
1168
12223
2563
10391
3284
5052
9043
4358
3653
5270
5893
3305
11201
11306
4395
2795
8652
9463
3542
6342
10242
5210
40
8125
12882
10669
12996
5914
647
12519
6668
8166
9742
9230
3556
4377
5633
12599
8734
9286
9220
14627
12590
5420
2284
8336
14567
10935
2798
3108
8629
4391
14669
8668
12516
3903
4336
1863
1168
4982
5733
7836
4500
474
8417
8055
11203
5402
12005
11288
14687
6225
10914
3628
2996
4550
3315
8914
6836
6113
12022
464
1855
3042
9131
5722
6944
4819
7584
14464
9800
13317
7299
14299
5142
7067
13706
7696
3820
10710
3984
3506
8286
6249
13485
2634
10798
1800
2899
8986
14264
14920
9449
1118
9314
9932
6840
7609
14750
5775
7072
9549
10443
14370
200
585
12789
5257
8280
1608
7318
3615
11466
6956
9864
1302
9589
12013
3101
12487
5998
2364
3759
447
9834
4424
1730
1673
12032
1479
7447
4104
2379
9242
3473
8930
9826
7613
14186
9457
573
6504
4424
12038
13459
14287
4691
14399
2651
7792
3237
8649
1507
13347
447
11340
2770
2176
4364
14802
10006
3163
3905
12384
12404
13729
6314
13581
6342
11851
8037
13266
3354
3812
1655
8164
3098
6345
13914
12101
14136
2151
5749
6995
497
6195
3334
9619
14722
7698
9420
9727
10860
13324
13462
8263
12052
4775
6843
9745
7978
6231
8010
2683
10043
1016
10847
4492
7361
1112
1592
12848
3262
13692
4842
10111
11238
14528
4729
10959
7225
5500
12037
9436
3823
10499
9050
7226
6625
892
8323
14602
13474
1332
2285
14868
8700
4483
10712
1060
5594
3655
5259
208
2347
10101
1670
13584
9628
12750
895
8204
3249
4283
2639
13423
14781
11688
5648
12758
3931
13970
12359
8756
6654
5995
8624
353
1829
10687
7764
13775
14341
13022
13982
1687
14474
7003
6623
453
4752
13869
8656
14352
3151
2646
12774
9284
14333
3421
7041
9615
8743
10751
3371
6748
8098
3346
13452
9926
14032
6215
8700
13372
10588
14033
6411
10062
6035
4385
1866
2138
3253
10522
1489
12755
13167
14262
7038
3852
9035
14078
13466
2777
1181
1836
876
9278
5181
14327
10555
4212
11893
4255
8936
7480
9639
346
8893
7026
4730
10759
9163
14334
12632
10652
12088
10798
1265
4126
14649
10299
9555
4467
4427
2087
12654
5302
11364
9187
10980
6919
4750
7872
2525
13685
352
12163
5382
596
10540
1463
2706
4703
796
337
6706
12884
2487
7970
8361
8487
9621
9267
12953
5399
11354
1959
10701
7717
11145
6680
5987
894
5904
14863
14579
12607
3378
11312
13202
13917
12775
7260
9971
13570
7596
1676
2805
10082
998
11165
9921
10618
5432
7873
1016
8137
9831
3068
853
12327
1100
13192
13221
7003
13054
4151
4609
7783
462
9162
6700
13236
1421
1670
11806
369
9698
14610
1802
10695
2127
11722
6312
13910
10947
13679
7046
12129
1747
14250
9456
9198
12441
14028
7552
1847
3178
12160
9629
3639
12673
7680
8227
5446
9350
5032
5814
4047
10993
7615
6093
4471
10689
12404
3380
6635
2434
1777
3763
10532
1027
4570
4729
4819
3597
12280
6665
6774
791
7646
1765
13464
6677
9991
3909
7378
6374
1074
2776
8718
8688
8868
4541
4376
12623
7920
2362
57
9697
12477
10588
2075
2046
317
6893
11995
12596
4910
3768
4739
12555
11884
3202
4231
6874
13462
2961
4599
14535
5736
13317
14574
14604
2857
10302
12226
2128
12663
12282
3176
10139
7870
5250
3537
14538
3495
531
3485
8404
10650
8223
12310
13886
11424
7892
12111
1237
10852
1710
7123
1588
6378
13049
1191
586
8350
13416
2713
12364
2050
12241
13855
9919
8842
2391
9456
12336
9273
12940
5739
11274
6163
9400
10159
8938
2292
7270
1527
13143
331
1
14730
6708
13049
7272
7293
6398
5688
1357
10114
7737
4949
8968
9007
13791
2710
9814
2478
3334
14105
14569
14607
11619
8968
1118
11909
11259
14739
13435
9402
69
13435
483
13128
11484
7755
11772
9233
4794
4480
4346
3882
9429
13313
12888
14571
7374
14053
2048
10707
13157
1616
1666
9776
10584
2783
6684
13194
8873
11470
13947
8941
1256
14430
13420
4091
13536
1543
13324
3329
6022
9021
13562
6802
13686
11449
6372
6059
1853
14772
1766
9
7739
9783
1136
3322
12565
14171
7868
6437
1992
6814
6729
3248
6243
11500
7338
11130
13042
12013
5810
10415
6034
4371
2217
4719
7171
14940
2129
9023
14711
10246
384
7450
5028
1519
2123
8944
7042
9990
6732
9033
8156
13460
12280
5750
1311
10970
1880
14352
7982
7689
9767
5367
12060
3335
10085
4230
3274
3566
4605
9337
5163
4988
8138
10191
12858
10260
10486
4899
11602
2218
13932
11109
677
2563
1858
1988
13532
3737
7691
12866
11426
8809
3232
14837
12143
4669
4066
6769
8234
22
1105
4748
5009
9242
14938
2867
10853
10424
14117
13806
12641
13048
9914
4669
6963
11772
13008
11846
508
12051
9711
3285
5859
12943
3121
9354
8963
13539
1122
8548
13560
2226
13295
9921
2819
13233
4139
5023
8
3255
3829
4000
7655
5094
20
14617
1865
13028
2814
8725
1430
12525
3361
7288
1819
12834
1641
2133
2724
2762
10680
7635
11339
8974
2555
5509
13558
6693
10532
4917
9948
14360
8916
8954
4453
288
14922
12670
13315
2735
12746
14744
6611
1106
13383
8429
13939
6376
10561
8014
489
12592
649
11828
12918
3203
2336
11475
1248
4219
7744
2547
9930
8011
11500
5735
8298
11421
3404
6612
5507
7501
12707
12118
8606
2442
5546
13897
8817
7459
6910
9305
11402
13910
12484
9319
2113
6172
12146
9712
10390
4889
12258
5320
12899
109
11054
6197
2881
5809
4160
8387
13309
8219
5504
6914
10660
2402
12162
4476
1212
10424
13780
12613
9333
11264
6932
2797
8787
10429
12508
4176
317
1117
9495
13215
1225
11900
10763
10457
2708
14923
3844
1016
8141
9347
14282
3800
11748
2795
14627
4311
13218
4758
1924
13903
1021
207
1699
9807
10635
5559
5335
2303
13027
6181
6869
14252
3081
2632
9708
5788
8906
4903
13156
8398
14250
12437
3549
2349
6583
3175
6660
4801
7932
14935
10055
305
141
3105
1463
2127
8663
13149
4429
6690
4330
11297
12293
7410
5280
13352
4549
5537
3255
2704
13934
8856
6492
2482
2556
13075
12008
567
9227
11292
501
10633
11596
6993
13737
4410
9119
7400
2559
4899
5441
6888
7548
9085
5649
12827
13788
10197
3364
8394
4253
8649
2249
10744
11131
11157
170
14490
11723
748
10781
3576
11380
7376
10568
10117
3138
11039
8868
5696
937
5660
3935
14836
14744
9583
4015
13531
4779
13730
13277
9031
7378
6877
11127
9860
3033
2648
9350
6108
3396
5130
9683
14775
3858
11602
9891
13347
13992
10110
4042
6281
769
7976
6116
6864
8910
10130
11747
5040
8859
10023
5423
7589
1899
1549
2448
11284
10548
3149
2391
13943
8279
3425
13718
3488
6378
14960
1834
5370
10070
12227
11650
2190
11554
2765
9054
5463
4247
5800
1854
4457
822
7276
12045
9072
176
5845
5355
10724
8993
7745
9666
8623
2521
14735
12110
8899
6047
5295
14268
1116
8873
10917
9657
5426
5033
3710
2240
631
861
4094
5088
8034
11369
8484
2106
2897
14328
7460
13620
8321
6557
8285
8295
9077
14372
11757
2975
5418
2051
8594
12885
10924
10862
7541
7701
895
2603
1293
7877
9815
5386
12964
2849
8106
12800
11306
11002
12127
10117
973
11799
1673
610
5094
2102
14981
1850
11428
11750
10252
5022
9634
12527
883
8526
5228
8129
11128
12872
1006
12295
3257
5321
143
2714
3120
11448
5068
247
12916
12392
3397
14589
13001
8490
8042
12981
10339
4469
9730
5591
9490
10715
9469
1725
4241
14696
1205
6720
12567
2210
4014
7175
13883
10508
1241
2002
13307
12660
8600
11223
10051
11997
2163
8052
11838
10204
12384
13529
14672
13466
4119
514
532
4939
2238
11124
4635
3442
2844
8553
12004
13209
7080
10886
8717
14672
4239
7023
12331
12839
9597
13733
1187
11759
13136
13024
6962
1872
11552
6634
6689
7022
13499
7220
11961
7088
3344
7947
1881
12539
7851
13884
10747
14930
1121
4463
14601
5360
2838
3283
9550
12434
2016
10736
9193
151
111
7506
2022
3015
5491
8710
10036
3989
7282
13348
11076
10625
6294
12957
14515
14145
3192
10261
5426
10665
14724
11379
1024
8913
14661
1925
12698
1676
12660
6890
8179
4122
5748
1552
7136
11238
1614
2172
227
8895
6871
2654
10871
4517
6962
10385
10013
1506
11997
438
12170
11720
11816
4545
11984
2829
6469
9682
10856
10480
7923
4034
14601
13670
11938
6737
9908
13551
260
1486
13797
13482
10491
1019
2998
2453
2755
13010
10310
14751
4800
7479
2823
7967
3375
14806
10795
9843
839
6651
11674
8762
2036
2626
13783
5325
714
8690
10227
7325
1527
9023
5807
12018
1393
156
5822
4147
13166
1131
10250
9317
14961
13072
2283
9687
4229
4430
10881
11420
11080
7554
5181
4467
10179
3963
1144
2245
4005
11370
9569
11883
11745
375
8900
13137
531
6073
8636
5048
13555
3885
14364
13515
8308
7998
14553
3888
12427
10433
307
14858
9338
11839
10677
10869
7154
11820
13113
2510
8189
7681
14392
4933
14408
8292
3070
14938
5716
3057
11337
4271
6941
2052
9137
6600
10049
8690
1839
7476
4122
2146
13685
4812
5336
9361
680
3841
6180
13792
6350
14369
6472
5742
4301
5879
5385
13722
12168
11100
1778
14856
6722
70
1907
859
6669
3308
9548
14860
2135
5021
8357
819
9832
13692
10180
10511
2533
1359
654
234
7079
13478
12327
2732
4356
2711
1453
7876
5163
9583
14083
11884
1004
7342
12742
14025
10649
13641
13884
4135
3662
7240
4953
4845
5931
132
6708
14815
7843
7361
6401
6273
5838
3727
9004
1546
6438
1809
773
2952
2743
6207
14835
3746
13548
3929
2770
548
2569
1653
4682
12582
8892
9635
8779
6175
1118
486
12341
312
14198
3741
6585
11388
13820
6940
12933
5257
8748
5057
14560
2842
11263
14394
6588
1163
3322
709
1710
12243
2362
6392
9824
2605
7378
3602
131
14847
10439
3824
159
9637
13916
13095
6024
12735
5034
10308
9343
5134
6716
8902
7975
2978
8296
5914
10492
2969
6623
12202
211
336
9945
1387
9292
2322
11340
9423
2168
6779
4598
8678
7767
3513
6772
5142
1248
11806
449
10590
8291
7164
4492
1265
1493
4139
13531
11985
7107
5153
538
13670
11840
10482
56
6131
4155
11395
6905
6322
9525
11502
15000
2291
15
13123
7432
1262
9928
14232
3203
9570
12747
7694
10835
14240
11832
717
2576
10291
12221
3113
8960
9060
13594
367
190
2748
11761
7095
421
12638
3596
6772
14928
9962
4895
13712
11223
14822
12943
5778
9392
10690
13471
11578
1281
1655
3646
3856
3297
866
6968
12256
9925
11913
12622
1466
6012
734
14912
6432
13371
9860
13204
4651
4821
3098
3362
7396
9271
7656
13173
10014
9697
2995
12943
10977
11001
1588
6184
14297
8805
4503
2904
10081
1415
525
11547
7426
7611
11458
5210
5981
6317
3413
1983
2490
12862
11696
9885
7132
4352
8057
8498
5400
11051
6440
7729
13404
14380
13912
12700
14536
9767
604
9617
2533
7480
6163
9959
90
8972
6520
12423
6641
9932
14405
9130
14145
11101
4014
6276
6804
3422
6125
12203
5824
3917
4931
4227
9648
10195
1927
9183
4961
8882
3799
7493
1361
9961
8803
1451
10285
322
5225
1925
1605
4629
2406
749
7081
12771
13377
13884
1192
4501
11087
7015
8417
7369
2594
9416
2563
4520
3599
7523
4753
7397
16
6113
8710
8818
13915
3994
9140
4139
12270
10744
8768
6027
2845
7200
3797
1221
6084
11340
5721
8522
3354
5490
890
5947
14905
3453
1818
9855
10975
6570
2252
10990
4035
10961
11160
2949
6306
11651
13440
9927
7394
13559
953
10238
5758
11101
2810
11841
7440
14883
5362
2145
5372
12604
14444
11628
1056
1261
6483
3382
14183
86
14372
9569
11046
1883
12517
8703
13533
10956
3629
12278
9514
10933
13868
6624
7033
1677
3464
14472
1559
178
1616
13282
12781
1059
1262
5188
8672
14096
8569
7854
14181
14292
8774
1578
1174
6290
1632
6058
8598
5260
3336
9463
7544
2203
1086
14576
10231
10902
14047
3142
2431
7014
1423
6563
8073
9036
11750
1744
8131
11670
949
13663
10962
9722
6592
3487
7363
8223
9545
7312
4834
12880
8127
12377
6434
564
3304
8016
2817
2350
11157
5247
9364
3932
3161
8788
12967
14910
10531
12450
11580
2831
2464
13893
3904
9056
2379
11266
8630
11923
9930
4816
1154
3056
2192
13939
3619
5496
6955
6436
14197
9463
3034
14912
13394
6195
8699
2713
12456
10581
6514
387
4763
8977
14279
8666
9384
8010
11284
9366
4932
6213
14181
12438
620
7724
2728
10590
13219
1034
2025
3768
10497
11411
10031
242
2605
10082
9306
6412
12014
819
6799
1777
1148
12429
1794
1883
5438
13077
11248
10370
10641
10428
14159
2612
3152
1886
13202
7722
2920
6578
2841
4768
2988
12872
5009
11944
14305
14315
3356
11318
6485
1506
4446
13984
13934
6240
867
4372
10668
3466
6093
6309
5246
11603
8920
14749
13488
13473
7470
7759
5051
1663
12526
8038
5886
2535
11334
5190
8201
14689
1507
6037
7546
5953
5021
6479
3544
12239
2202
14211
704
14646
11871
12301
11248
12143
12049
9736
10615
4519
2494
665
12533
20
55
3418
8906
11388
8607
2106
2428
1465
14494
9973
13769
4514
7803
2312
8104
1357
7875
8808
1002
4745
6108
12250
8239
9509
6985
3854
14027
830
10870
2911
7201
10924
6328
7458
7311
14934
9563
9738
7750
409
11062
6519
4922
10217
182
4378
11573
8056
4537
12574
4153
1996
9823
12391
11504
8159
7596
10530
341
3466
4792
7541
14389
11119
14999
13052
2404
913
14141
10154
1321
10203
8024
12595
11771
14557
1972
8343
7613
6508
5916
3117
8503
739
6859
11359
249
14455
6888
589
9272
3032
14482
8660
14150
14480
13063
1554
6744
12204
3059
14417
13758
2434
12011
10528
1990
5334
3870
954
3193
1137
4070
3047
1875
10929
14405
8476
1735
12645
9064
11006
676
8545
11017
6177
14376
9080
7730
6120
12635
2140
5536
2744
4573
8898
13271
6563
5583
8492
7516
127
980
2938
3173
9207
5218
8930
2682
6952
6574
11745
2957
13601
11642
5325
4777
11017
14404
3859
2136
3390
5998
14023
6133
1923
14272
10755
8485
4854
10598
7352
4980
11578
10289
14505
5784
6858
8434
8465
13809
6359
11561
8117
4959
8202
13442
1087
4219
4197
11297
12706
7587
2295
11729
13719
10569
11000
826
10405
7206
11423
2756
12185
14352
4397
11689
5135
11254
11474
13599
1415
2832
1512
9531
14142
9713
14324
6581
13931
3521
2877
2989
11107
11523
14717
1177
7091
2068
8354
2495
9273
4777
11603
12810
4128
7351
850
615
9956
12324
5565
11370
155
7076
12253
5649
1789
11576
12229
7071
96
105
10059
2554
11628
1127
10083
10070
3195
3436
12565
3819
14564
519
7980
10044
7869
8830
10658
2824
12505
7574
5546
12659
14650
2798
9659
1438
5725
6887
14860
12173
13344
9919
6078
1323
2397
1160
11392
11943
10948
308
762
1863
7178
93
11906
46
8922
13915
9222
6426
6489
14767
10437
6138
8916
11447
13927
14640
9686
13786
3164
8029
56
9242
703
2453
10401
3446
14395
12700
10106
6508
14563
2283
6601
2820
8681
6874
1735
2902
4652
14575
9020
6440
12064
9287
2886
10990
278
12571
1127
3442
11951
7535
12683
12653
1339
14435
7451
7085
12135
2556
13593
3049
11190
11545
5868
4870
9770
7602
14123
14421
13528
14494
5860
10591
8780
8746
12932
9058
12668
14059
3851
9619
12945
1533
13623
14283
967
12425
6367
4453
6332
11311
7501
2522
14207
13369
13743
8977
12322
12866
8397
10850
3711
5609
12792
12491
5706
10724
12900
3373
9782
1750
4343
14078
9634
9318
13360
1952
6742
11078
6405
13074
13741
13905
6947
12947
3625
5689
6923
7299
9906
6672
3148
13617
12280
7291
2459
2985
3014
358
12709
4147
8459
2052
3224
3092
11369
7935
5043
9462
4013
2799
13887
9105
1704
5833
7051
11680
2874
13974
3978
4131
5645
13477
9099
9276
5768
11557
12260
8781
3266
9968
12928
3076
3371
7503
6167
6091
438
2562
6905
10802
5360
5791
4906
13415
2976
3308
10095
5849
2281
5424
1331
14277
3901
1782
8552
9668
13338
12163
9800
7956
13483
14079
11031
1853
6582
8550
14296
13371
11111
6200
9172
7822
11990
5429
6237
14965
8736
7683
12165
2369
13106
4848
1645
2006
6629
1549
3025
11318
13711
4177
10625
12193
3255
13008
5398
9836
6557
4693
8206
9019
2244
8729
1840
14233
14157
14428
5550
14245
7110
9066
1613
5216
5265
9609
13573
11893
11157
1598
14563
1220
5774
10187
13412
380
8194
10161
10216
6102
6205
9773
120
8448
9854
8312
14033
362
7739
4582
14606
14849
4999
7570
11416
1616
2179
9988
4860
4687
2937
4422
5906
62
5961
10670
442
5506
12182
2009
11608
3387
3133
3079
11834
4338
11390
10866
4700
10481
6799
10657
1681
3150
3227
4448
4765
11757
5787
9624
1443
8724
14046
13701
137
11358
722
6930
1863
12903
290
13470
1289
3423
7901
4475
7760
10642
6692
3811
6122
13491
14468
14154
1640
9046
3601
12756
5802
9388
7379
13596
9463
12776
12296
9599
9133
4369
7881
10996
2272
8170
817
9912
2944
69
14386
2056
10711
6078
5866
8184
10920
11685
7338
3911
5730
10938
1666
11531
11677
9044
10127
6139
13172
13774
7090
7304
3143
14970
9651
11766
8139
1820
13029
11083
1888
12415
4490
12598
9844
10355
5782
12115
7040
13119
1025
4121
408
9042
652
12085
9437
2130
3223
7608
7255
10312
6264
1749
1633
914
13514
9772
2733
11543
12206
4621
309
1695
8570
1504
3401
14351
13618
1792
3821
5994
5913
10581
6387
12916
7665
823
6397
2239
14783
13651
3903
6046
400
5535
13311
13913
6658
7396
1807
10215
3368
2115
3261
11937
9970
13014
2640
14939
14805
12812
12284
12069
8392
3670
1336
7408
10845
7732
999
10627
6383
4901
8024
13134
1787
12686
3398
14797
5081
5205
1363
8448
13671
4624
11737
8641
2637
14376
8579
8793
12187
5863
12214
11931
884
13549
4338
11728
12633
5336
13706
10367
1588
13081
8500
9727
10767
11897
875
7199
8453
2237
6999
7124
6860
3735
7116
848
9462
7046
9641
13000
4260
13206
9930
5144
11754
5620
8223
738
2307
13281
11104
10247
2713
10955
4973
4831
14204
12199
12030
7656
14435
4028
6131
12647
14114
4598
4846
8575
11644
14486
6574
7255
12691
7856
3750
797
4827
3325
1534
7133
1605
3990
2379
4317
14944
13703
9148
14147
10901
12529
13155
1688
1556
10637
14334
7021
235
4179
595
3230
10017
13520
10484
14059
12727
5586
6207
2553
8910
14093
1038
10514
9434
3416
6182
9377
2119
6681
14876
4371
4209
4382
6058
12116
18
11743
4136
6604
7274
11082
9833
8642
954
11669
14052
13680
2254
5259
7585
11163
10703
8622
13028
5136
3389
4209
5864
11859
2242
5739
1230
6450
1472
13639
9918
1490
10382
5405
14445
9007
7839
9278
2648
8792
12298
1699
13823
14551
13309
6407
2065
9011
6380
92
14146
9769
10652
5010
6627
12893
2100
14208
10695
9924
12847
5612
2765
14580
2368
2209
8586
10206
11486
11233
3997
8783
4283
9172
14685
2592
6930
1749
11602
13310
8192
2100
14430
3844
13461
12408
8088
6912
11616
3782
1835
814
745
4599
393
9465
6808
8978
4670
9645
11562
19
9780
844
9190
9464
3435
1119
2565
6389
5780
2108
8488
5209
5951
13300
8969
5391
5211
11936
524
7046
12749
1269
2996
4493
10733
9803
4822
6754
4448
1383
6772
14227
8578
961
42
12013
8432
8958
9753
14211
11066
9592
10772
8368
7891
4740
13758
13101
1675
14282
11498
5775
6902
14494
10267
8986
648
6440
739
5095
7822
7511
10673
7751
14823
2067
11115
14606
11024
5867
13817
13441
458
9588
6809
8348
5679
11918
12801
7353
11199
650
4479
3100
143
14745
3437
791
6184
4176
12237
5357
3038
14262
13107
9212
7680
9222
8818
10055
6440
13986
8496
6898
14925
6656
6597
5603
3573
10749
4307
14772
11399
8785
9223
11541
14881
12660
3683
12416
8187
7272
2772
2576
6533
7230
11787
5564
7803
11956
618
14243
2293
465
12492
2217
7120
10440
14171
10693
6189
9829
1816
2587
3613
2390
5479
9845
6401
514
7260
14587
7785
1383
8514
5669
14965
5301
11232
14119
8608
3201
13361
10901
3666
2204
13117
10785
12644
3640
12829
10184
13468
14644
4122
8433
8386
952
9629
14786
1465
8241
5725
601
9623
14238
12621
939
4538
204
58
4498
3405
4770
398
13422
6974
4866
9206
10969
8505
13387
12504
13325
13030
1625
13109
6415
2576
7737
12553
10393
977
3277
2345
1952
2514
14966
2890
13404
6521
9299
2901
9925
14069
9650
14698
12394
14515
256
8362
14372
13642
12217
4048
3023
13841
2156
790
7768
1244
13342
9512
2221
1618
11857
10524
10483
3174
4765
238
9694
14064
3138
10971
4484
12787
10668
1877
3654
10923
1590
3025
9564
13806
7072
3939
3998
579
4728
11765
1822
3069
6277
10394
11038
9485
5917
12872
12658
10682
13110
7351
1097
7599
9673
5580
5386
5341
7456
391
7615
397
9767
8531
5554
8190
12469
9551
8768
2196
6315
10589
11616
3943
12335
14005
13427
3251
11876
11084
13932
1337
9787
6380
8936
4459
11959
5673
1151
10766
6063
118
11162
829
8648
1715
9018
12468
11265
9137
14663
8932
11077
2630
12874
8411
7986
2653
11662
11213
13736
1945
12550
14874
8325
6485
10685
5283
3509
3187
7401
9571
3304
9914
1751
11951
11629
2120
770
14245
2608
6784
14528
13684
9413
12402
7095
8750
6406
10108
4963
5141
3404
2512
11367
11728
348
7051
8363
3856
1589
7115
4778
4893
2028
12880
8195
5008
14999
8965
10605
8958
748
10132
7641
1513
13885
6087
10262
5290
7546
6576
1783
10950
439
13149
14029
786
11551
13743
10993
4491
5857
7122
9383
7885
5001
8930
12892
11351
9246
14848
5308
9993
9980
4301
2857
8864
10387
4471
5506
2933
11046
7288
13882
11485
11788
4262
3622
14690
3005
5967
4180
8861
13088
4915
8097
9441
13844
12341
12143
8089
12188
8803
9433
7167
13103
3642
7383
8489
8112
12888
2773
10509
11527
8006
6993
8314
12268
1967
8003
6624
7933
12182
6836
12372
8448
14933
6812
7291
3625
3955
6731
812
12757
1164
14331
2211
4805
13065
2051
4268
10952
4824
14776
7478
4181
6769
7143
7800
87
145
14423
8019
3678
6259
5390
12126
12543
12202
10768
1167
7508
2499
1978
11616
10014
7660
13826
6170
5724
876
10437
8027
12051
10212
6856
1232
8332
13998
383
8418
5494
14806
7788
524
12416
13178
4001
9958
1731
14768
11124
590
8618
4453
12205
3631
12113
2382
1152
2836
9609
11588
2215
6660
13152
9070
14243
6483
8068
14625
6253
4913
5782
14040
5436
3197
3569
9436
13154
5299
556
629
5888
525
5082
9444
10508
8546
11825
11659
2733
6434
8247
4947
4445
12750
14017
3687
4232
13436
9663
1836
3348
6797
876
136
9993
4444
9571
14499
1095
1478
6479
6982
2003
11560
7778
3862
5105
4602
520
7838
2387
118
4136
13183
12867
3152
8221
8451
7939
2884
10286
11287
9680
11161
2774
11024
6957
3696
1874
8051
5174
8353
6384
13528
11264
14161
2389
1369
10115
9260
558
12501
9378
11045
2036
7244
14197
10256
7046
13487
13139
2332
1125
14170
4844
3898
1546
11800
7594
9771
4850
4119
3123
11234
2646
14387
1746
11386
7107
11860
5645
14016
713
6374
10060
2748
4970
608
13003
12015
14095
2494
14346
6571
8015
4190
10469
9560
7341
3062
4331
3543
13532
13805
14776
7529
4543
7873
10266
11649
4733
7262
2016
5445
13636
3428
8192
9957
4035
12546
6971
9481
39
12669
1052
8054
8210
2872
8965
550
12285
4647
10444
10816
9804
10219
3344
14346
9444
13609
2347
14176
5870
4362
10972
10857
7789
10515
5813
3176
8060
4136
4008
14451
1804
11411
13856
1365
14282
7820
8266
11566
3819
3710
13733
13622
5280
8428
12967
14723
7036
313
13898
4258
11027
1221
114
10167
11735
12279
4694
4795
1414
54
4245
9569
11464
3100
2285
10746
2271
10550
13663
12441
5611
12396
11062
10891
5823
381
1965
4211
7045
7215
14820
9423
8435
6285
4590
5170
3563
635
9964
11328
688
5560
12248
12152
11
14532
14249
8633
10082
4263
6074
692
8010
2135
2934
5185
8867
4899
9395
912
12113
566
10334
5547
6850
6275
2068
1765
6910
3383
13092
7597
8942
1692
11100
304
1223
10348
8937
2656
14611
10
9700
7620
8496
12633
12804
2363
8883
13550
3274
12347
14115
4959
9246
12317
11234
11313
14081
3143
14696
3524
2091
14989
11567
13191
293
12790
14890
581
445
5852
590
10144
4824
9085
14129
8979
2799
14363
13881
6072
11710
4347
11031
5955
1663
7264
2267
7095
1758
8314
1971
3848
8303
13537
8390
14947
11326
14632
527
3123
5483
7468
4618
10306
7904
3746
4285
10703
3109
9517
1774
6170
13863
4156
12124
526
2771
14390
13972
4528
7704
942
14728
7358
5831
14469
7304
8508
14100
14182
11630
4583
6649
7600
6240
14552
2697
1876
10254
5805
11392
3380
11974
10255
7535
449
2132
1658
6191
1103
12537
5246
8397
3616
12603
5579
3085
11258
14086
8536
10439
2068
4470
8439
9667
10710
7990
12363
3937
9596
9520
329
12975
12845
1935
11861
13294
10418
4870
10836
11520
2407
1081
11268
12374
13683
8198
458
9940
7284
346
11730
703
4815
5168
10369
6876
4509
14083
10813
14104
14954
2493
3430
12799
4427
6643
2444
14844
11512
13279
2715
5270
14359
5335
2644
4393
13532
9453
5684
12167
9798
2413
12869
14613
13932
14589
12840
3440
5024
8652
2544
4977
11144
12325
9127
6922
10319
2922
13117
6831
1200
832
3452
6910
12518
12447
2654
11049
6900
8337
8216
8049
2101
12436
14013
1032
12025
11853
4472
2048
5504
13367
13376
8000
10691
7503
14921
12362
10424
13038
10544
2976
5221
13995
1237
2738
11442
3891
5138
9693
12227
4705
2741
5680
2141
8106
6711
14165
4958
11182
7564
1813
900
5939
9812
2943
13441
9733
304
217
14122
10847
3192
4342
1193
4428
13431
12634
8318
3568
13678
11897
8273
7771
2576
10413
876
638
929
12185
11820
14844
13997
4071
5782
161
7013
10575
9893
7316
2143
366
9514
5334
4707
10707
1113
3137
14692
783
13056
13370
4031
6328
12492
6606
8092
4719
13595
372
1903
1766
215
7251
5837
5997
7411
12849
7923
8655
11517
10065
9020
6030
6750
5078
8088
7862
14566
7780
14996
3974
12501
4026
10301
1344
1983
9745
6062
578
10116
14316
2343
10331
12918
8179
7679
5329
12380
6953
5335
248
8369
5707
12629
118
2136
5717
14331
1702
13496
14327
12027
2348
3352
13679
3691
5335
8423
9752
5912
3539
419
14606
5221
13336
7785
4251
10016
11516
11203
6703
11763
4571
12409
9391
4688
5896
6459
4018
13949
4954
3344
10975
13653
13048
9654
2343
3382
3076
3446
645
12966
10216
250
9538
8552
8034
13788
9919
10901
9990
1621
7663
5912
5381
8406
10599
11277
14864
5969
10225
11170
664
6200
9822
5063
7205
3517
8444
10280
13314
9088
14598
8530
690
9135
8433
75
7923
3351
10976
9264
11324
9990
176
8056
3395
2126
4332
3259
8094
5909
5780
110
3460
601
5172
10664
10469
4968
12295
8783
5407
11892
8664
6096
6027
8448
6171
5301
11798
2146
14564
14473
3487
14739
7529
6882
1865
3212
1492
1310
9120
7271
7771
12579
14223
4295
14594
1044
9262
11889
9826
6020
8780
9841
12116
6158
3288
9638
11458
6437
3135
11022
12262
6621
2112
4790
13502
3976
8001
6345
11638
8473
13615
10760
12403
4190
54
11997
5233
667
237
6410
6687
368
1250
10154
6526
10889
4791
9335
2325
14277
5356
14586
5897
7468
10727
10751
2795
10080
2095
5784
3552
7062
1544
7306
11251
1597
10654
1483
2264
2242
7892
302
2610
9141
10455
9135
11381
6597
3469
13705
5873
177
4643
11769
13996
369
13871
8142
1800
966
13926
11703
8027
6821
4009
10629
14769
6014
12111
8384
8256
5002
8685
10865
5494
4139
11351
1874
10735
6171
6930
7959
6347
2924
4728
11694
9645
3598
4836
11444
10915
10113
8147
10293
8285
3507
5921
8053
9520
3031
1437
9127
14384
10121
4991
11229
5612
7693
4454
7698
13864
11384
657
11562
5659
11736
8256
303
333
4443
11747
2600
5907
4893
12892
14191
14751
3813
7243
9270
13195
8679
3397
12579
10152
14739
159
763
13784
4613
14812
12647
7348
468
560
13006
12203
8815
13309
3888
4609
1407
12839
10515
12651
10730
9705
12401
5894
8300
13022
4089
1978
7770
8019
12129
7509
8177
4243
6292
12789
4055
10290
11488
10874
10849
9494
14429
11016
14154
9668
6976
560
7506
2491
13210
9587
3547
10610
481
11846
8631
4569
5176
1401
3939
8656
261
12115
12899
12904
1256
8305
14545
12743
10530
10393
7236
1310
12760
12741
10977
4736
13300
9834
13578
11509
4421
2124
13470
11253
13970
13453
7173
10497
6205
11111
4152
12817
14577
8402
10720
832
8058
10264
4927
3588
12008
3514
4897
1120
1255
7226
5855
14554
2059
4432
2415
12831
12907
884
9083
3228
5688
7607
13724
11892
3717
2876
9708
3294
11277
11779
10477
4335
7042
403
14274
10402
3917
4170
11521
5171
2747
8727
4724
11158
13158
7138
8988
11064
14374
9423
14292
5061
2029
4367
8305
5746
7242
3012
391
9871
14791
10867
5557
13184
2622
4830
8585
6538
351
11457
3060
3098
5183
7783
14255
3340
6273
14594
5756
11998
368
11399
8410
2397
765
1714
14494
14359
4726
6236
9229
10868
8454
14785
9051
11075
10966
8988
2612
2668
11796
5671
5765
1979
4806
11371
11670
2430
2317
2425
5779
2684
5175
14188
5080
5940
902
10925
11650
11979
2160
5878
14198
10614
12014
14600
6688
7979
14939
652
1998
11735
12674
7763
13713
8831
10485
10382
2612
12801
4159
8390
6837
9333
13930
3268
6624
14831
14193
3273
3161
7704
502
2358
3317
3867
8309
1357
3197
8248
8360
5195
4982
12385
12957
3694
12568
14793
5427
179
3946
9585
14921
10782
10270
13850
14049
8245
5032
4593
2870
8192
12297
3371
1901
6965
7238
10209
8321
10434
9808
8032
628
14789
5417
4936
3482
2984
11081
8909
9514
26
9845
9434
2159
5114
8283
7559
4711
4666
12152
7580
12857
9448
2302
6109
1412
9539
7670
1085
11325
2477
468
3304
2266
5884
14592
12099
219
10672
12359
9733
2049
7204
10518
4207
3669
10153
3117
8379
14818
268
958
12675
1067
3260
10135
8831
4150
2804
1267
6826
11633
1734
10130
13898
13970
9721
2348
14188
11744
14707
272
13792
13262
10790
9350
1930
5942
12466
1661
5759
12734
2618
9785
5152
12229
4920
13982
7731
14075
248
14556
10707
8334
1037
956
7303
10757
3304
6490
13852
9362
6762
12643
7623
8903
6992
904
14844
10810
2564
11954
8543
11534
6739
5046
114
3010
4028
7844
2084
10627
13752
4143
3960
14788
11450
11262
1897
14753
9104
748
466
7217
13391
8088
1119
11734
8992
7314
7543
11555
4267
7437
14440
11005
12483
14554
14014
7862
7397
7450
3488
6148
2944
13800
12288
14393
1413
14184
5498
10516
14931
5963
2732
4673
14051
10202
7759
14394
2515
6653
2300
6782
14090
1740
2786
11572
1293
8152
10785
41
6953
14272
12541
9896
4423
9828
9288
5836
9011
14785
1351
293
5748
10435
11318
11150
5636
4076
1895
8151
10728
4194
6284
1169
12285
9069
4092
13577
8572
14876
4970
524
5500
2510
10419
9922
12337
11059
757
6347
2195
8460
12991
14294
10246
9308
10443
7233
4735
3689
383
6815
14235
13018
7983
11519
7087
12075
1448
7010
3302
6417
7534
8801
8926
9304
3723
6262
11714
10831
3960
13909
10642
1950
13202
5887
2610
14997
13120
13696
3685
4854
5510
2919
2872
4845
5790
1310
1919
7237
8319
5220
13653
7204
5373
7578
7860
9095
13839
10925
11277
9150
9833
6919
2451
14387
4157
5060
5735
2276
10108
9419
13482
617
3690
7705
11813
831
9014
13731
8067
8684
10303
6719
7240
675
14296
99
1121
4486
11023
3749
13635
12208
10667
7437
2946
14824
3849
8680
8451
13956
9450
6932
5924
4491
14636
2737
5321
1
7819
13387
8685
9473
5105
7276
10147
10752
7374
2619
6589
9748
6368
11575
13307
8386
4012
1252
14561
7860
9931
8012
6815
10733
6295
12738
223
12283
474
5544
3635
14645
3930
12319
9117
387
4594
10616
11138
3319
13234
2727
4419
10953
14301
9077
4339
3312
10329
3899
11171
11611
3262
9337
7343
9557
7075
13918
13191
13900
4461
1825
13544
8390
5496
14013
8776
1441
9628
11266
11112
7861
5344
6882
10166
10996
958
14504
14308
2638
9754
1830
14249
13016
2519
12943
13924
9593
11860
3466
14844
7672
11642
4740
1062
2137
3752
1189
9930
4731
3806
12393
3943
9149
4274
14108
5145
5231
4963
10804
7869
14717
3985
13469
4084
6503
2763
9359
7447
5975
4176
13643
13646
817
3382
6059
9306
13485
7248
10587
3215
11053
7979
13509
11554
12252
12617
8050
8834
2579
3853
1702
8647
14189
6522
4082
5692
9285
4792
4490
6611
319
3132
5256
1136
12865
11315
1793
11349
9914
12379
5915
12318
11709
4424
8871
8960
8392
1920
9145
2322
12124
10847
10969
11313
8720
6402
2004
9356
2546
6493
966
2864
977
6222
10351
13841
8888
3495
1542
3801
7225
7456
1118
3933
3231
9989
4244
11622
3260
13389
13944
384
587
1264
3048
9306
14017
11403
10014
1562
9247
10979
10778
10223
2200
6128
9064
2439
9623
10605
6239
1847
9412
7357
12132
12643
8697
1375
616
3308
6115
5911
3691
6701
13526
13090
7359
3895
9492
2372
5456
3739
4702
1233
13961
13254
13713
14376
692
14687
9980
6931
7885
4392
14287
5016
8386
14335
12743
353
2642
3857
12616
12685
1910
2493
10774
620
6387
11618
9343
11843
356
14044
4427
5668
12297
9491
5044
12989
9177
6375
11271
2062
2118
1909
13429
10503
1243
2523
2208
10236
12732
6175
14272
5993
8667
10046
6612
54
6663
7306
3248
13370
6349
14026
4037
9998
8517
9080
14338
9045
455
10608
2458
2572
3868
887
4427
5110
9761
12986
6697
7492
4160
5969
13484
12826
7366
11447
4231
14028
3752
7478
3749
1453
6504
7785
11450
6372
8217
2139
416
23
4098
2874
8946
7965
10112
4724
4426
4872
2709
11122
3716
13220
8442
2199
2398
807
13646
6628
6186
2397
14106
9934
10201
11961
9071
13002
3332
8639
140
10099
8661
10589
4324
8958
3553
14435
13682
14330
10659
7742
1804
14374
5962
10245
7924
8359
2404
6569
14986
14941
318
5443
1227
1870
8755
10297
14872
3438
3935
6363
13537
3947
1952
2860
4256
11856
8647
2937
11186
10657
10679
4341
1382
7992
5937
9305
1350
8340
7226
7687
8281
13895
13130
9507
764
13236
11155
635
1674
6441
6998
210
1739
301
9421
5994
12156
9419
8931
8341
11427
10961
12681
12808
3952
9970
13465
11653
3309
12042
4339
2941
10936
8820
12447
3051
7056
14953
10038
8729
6393
2035
290
8131
8687
1062
14125
5842
1833
14407
5535
13259
1719
9567
2419
12022
4536
883
8674
7845
12924
4364
10785
211
13184
14584
3261
5239
5888
13298
5319
12281
6684
11960
11763
370
13021
2239
12564
14853
7997
3098
13112
9715
12664
6882
6736
2200
7764
409
1396
12039
4773
12180
3601
9308
3115
6861
5898
9003
11511
11216
12635
9546
14527
749
1268
12547
2988
13831
3752
10984
1928
8215
5699
5943
96
3786
8142
7859
10547
9537
11249
6671
13069
14849
978
7535
13061
6875
7889
923
9442
5523
10469
8968
6272
3088
12866
611
1918
1617
11594
10197
9831
8644
1139
9926
3782
633
9136
14328
10169
5384
5998
14589
11584
13327
7124
9645
11553
12
10567
12346
11887
6035
12665
9510
474
10530
10120
2391
12147
13065
3939
13329
6709
5078
14607
1842
5710
8742
1169
7230
5478
13518
13171
2061
11844
5294
11705
14748
11657
13624
12093
14895
11010
9757
9404
11484
11638
10875
5226
136
8940
9165
13465
7000
5594
13071
8841
11303
13164
1361
9884
3641
14878
8054
12054
3073
4699
8758
2820
7708
13733
14912
7602
9743
1020
8358
6226
12657
4232
11451
12793
4523
11967
11257
11522
2560
679
11714
5214
13842
13074
98
8835
4303
14503
5888
7375
10554
5997
10194
3261
4730
1457
10862
14472
2476
4219
12049
6485
14803
14851
4277
4325
11818
6885
847
14377
13915
3912
4591
12756
1986
11040
12942
12640
10542
3829
5015
6095
9826
6560
707
5907
8017
11569
11730
1844
7139
8778
8328
6941
14980
3956
11266
11797
10840
3464
2526
9754
7375
7116
13862
712
3155
11803
13352
5048
6984
9718
2495
8161
1277
3201
14067
645
6121
2148
8841
13260
2277
2168
11552
2256
12476
14169
14053
8315
2632
7930
9421
1359
45
14634
2070
9551
2788
6773
5950
9771
7842
14796
9283
471
2997
14701
1115
469
1848
9955
5080
4124
3475
1632
12732
7302
800
3136
6968
9784
11065
1388
11142
11109
7373
4563
12011
10161
2688
2960
11283
10529
2756
5566
10999
12104
11618
3466
3924
13466
4772
9004
8941
14598
1987
6672
6899
9138
9807
13867
3921
5871
6606
6414
8331
13979
2329
5341
491
5016
8301
11773
6896
2408
8690
9247
5863
5308
12712
9786
10125
2483
3789
4065
8433
12127
10737
331
6265
11895
14197
1537
2766
12155
14303
11096
11133
1631
1437
2975
12998
1089
14747
11245
9848
14789
5491
710
5096
3202
10495
220
12037
14284
10636
5469
2762
6372
12151
9026
9619
2700
1915
12384
14854
1217
14831
2338
2847
7619
5312
7196
8707
11410
3440
9906
11198
8931
10615
7645
3484
6110
7864
6872
11745
3500
3692
14506
1223
843
14884
10841
3542
1798
14576
3395
3014
14407
12084
12212
7025
2395
4407
7084
13804
14198
1989
1354
8128
12604
8998
2964
10065
8214
9835
6809
3065
4879
12666
10639
5721
12549
12832
614
14346
12407
10360
2359
3165
7443
5922
10190
9837
10328
8625
14992
9526
1965
7697
9005
5920
1695
3320
984
9908
13155
14144
12972
9385
11810
8610
105
710
6441
718
56
10200
11077
8766
13364
9871
14688
14905
11059
1367
14881
11050
2244
1846
10099
2601
7765
11793
5920
8749
13052
10426
14244
2375
4810
2405
2336
4914
3115
129
11983
9522
10328
14411
9639
43
9281
678
14948
5339
2045
6180
7741
10640
8025
2839
13240
790
5983
4160
890
4034
14585
6485
6408
4395
8890
8743
660
12004
8871
3995
12877
10550
3405
7515
10593
4038
8193
1892
728
1589
8071
8468
12228
1096
2658
10468
8237
14992
5979
478
4025
11915
6962
1784
7661
7203
10527
8321
4206
10749
12315
8434
6299
7071
949
8243
11108
9141
10134
3188
10729
3204
11655
14308
10651
5665
9775
10239
5656
7105
10716
1033
4020
9030
2816
11680
1232
4694
11352
11790
6795
8666
5223
4445
7089
6171
12687
9548
6663
7820
12735
8743
2375
742
8051
13026
12758
2825
8264
3413
1282
10332
10797
5301
4361
4965
1980
11944
1010
13332
8733
7804
13349
13956
12248
11789
11478
9934
6337
3141
9105
10423
11883
11480
11164
4933
857
8921
14110
472
3686
391
10803
5834
12043
6515
10798
5374
3459
11808
10057
12191
4611
14758
2498
8211
11546
13976
3144
9234
2116
3601
4657
5350
80
7172
10283
7288
7445
744
7759
11130
7486
3562
1963
4528
10076
12761
9901
13534
920
4958
2077
5530
11067
4574
5092
7612
3549
14588
8198
12016
3188
12854
2366
9619
11377
12648
1906
3821
4743
9664
14950
12228
13225
8265
1755
14653
12377
3007
4538
13296
14316
6614
10177
10382
2540
269
2994
6088
6208
2543
9456
9395
396
11821
4013
3124
820
5918
6945
5562
581
13246
2789
5158
12862
10895
4810
10238
13901
9347
14885
13217
7313
1414
14950
9852
8034
9295
7291
14241
11837
1746
8635
12232
4918
3999
356
5737
9916
13652
2650
1848
11897
5438
7005
9759
7684
11814
11348
6585
12513
2585
11153
11177
10350
11102
6028
3383
5397
4670
8975
2233
12768
8961
5817
2685
12959
12524
14774
14226
2527
2423
1073
14423
7861
8078
533
544
11243
3233
13480
8755
5817
984
4931
7518
3438
2310
10900
186
13332
11226
2418
11099
5186
14586
13783
9496
3461
13556
8721
5987
979
9793
11762
191
2870
12294
7086
5465
6878
11918
14219
4046
12901
10502
11563
1338
4163
13814
7875
2494
10039
1645
13592
6576
1230
3727
1071
4691
2282
9791
2029
9612
4584
13790
1154
13805
2436
8240
4269
665
11509
9840
4711
9409
11693
1273
2099
855
87
9973
3349
1477
11617
1940
8053
4199
5666
9123
241
14300
10266
2269
263
6201
7411
1417
5005
1198
9656
626
1862
6164
1817
6572
6924
13509
14197
374
14363
5635
1699
2711
7111
4667
11003
163
8865
1668
638
457
7319
10903
9078
7582
2103
1488
8998
13459
2685
10005
14084
4546
7520
7252
2470
14443
5760
1666
6169
5123
7300
7867
14185
14410
12533
10187
5925
12750
11855
6562
13206
4173
8816
7283
3106
2270
122
12103
728
2806
7107
6164
13704
5978
13415
1173
11773
4175
2838
2941
649
1489
2159
14833
898
14691
10020
13174
3792
13226
11087
8350
8750
11254
632
11856
13523
754
8958
14251
9911
7417
11766
14966
13394
10180
1138
10166
5706
10327
4458
6354
11815
6616
6187
4065
12659
7558
8590
1450
5783
4677
9799
14532
930
1783
11387
14453
8888
11697
5055
3798
4113
1820
10116
8858
3351
11253
10376
9057
12932
14833
6762
1098
6449
4300
5162
4107
11857
5104
11908
8991
9780
13059
8523
2061
14841
11261
7865
8728
7957
4271
3877
3421
6090
13992
3631
793
1597
14006
1201
14528
13838
7962
625
11638
12262
12139
7096
470
8594
4004
9461
9725
2062
9335
11785
8254
5595
11002
1981
4904
272
12209
14676
12714
2553
9658
13506
4149
8663
14706
10028
13853
14019
2004
1842
2632
5494
8938
9454
14087
12941
3914
8811
6354
4600
11948
14607
1546
7949
7939
6449
14572
11499
12477
12285
14051
7134
2142
9551
7149
8199
4578
12353
13570
12934
14194
1201
3427
8131
10654
8866
12423
5919
9028
3776
10518
5975
9734
12064
5275
2672
9864
4847
14171
13692
8483
4573
5826
1977
14124
4326
10175
10053
1678
96
7986
871
1297
2765
354
3302
2982
12776
573
12009
1552
11090
9336
11285
14505
14610
5309
721
10808
10831
14412
10643
403
11589
12619
14526
914
14145
931
2591
5593
8916
9814
6889
3032
10167
1542
6013
14294
2114
9374
845
4556
3709
3482
10412
9670
142
11132
11830
10972
10544
13824
2726
13484
2794
8604
14398
1938
9534
8340
7530
3449
9505
5770
12833
4671
13664
10197
3965
7129
4570
11161
3036
14630
5994
13448
652
12487
9579
3833
14810
11474
2656
2536
9958
5449
11139
707
13738
5672
9046
12620
472
3551
9741
4656
14573
14756
14853
9889
6885
10774
12402
9920
10404
9747
8367
2407
7234
9298
6239
7043
12123
246
9578
7080
12046
12068
14138
10783
9091
8184
14754
9563
3086
9495
14218
9010
9250
5422
10251
1134
1196
14004
2406
2951
8750
10772
5357
7335
11421
2947
14378
8544
9544
307
6975
6589
3727
6113
2371
12817
5648
2125
13731
85
2971
12949
446
12220
3370
2048
4706
10917
1051
7111
13867
1153
9234
10575
8487
12007
4873
14216
5550
14416
5875
3876
6004
9601
1340
8375
7417
6987
1851
6148
13423
4821
10448
13869
8392
5169
916
4449
1086
8319
2911
6304
9471
3497
1879
2957
503
6751
2173
12404
12519
8047
1279
3522
8999
2619
11896
1415
957
5098
13914
14380
1270
713
4600
9662
12234
11867
5462
13319
5185
8373
10974
14655
11869
4204
8964
12371
2307
11136
1126
14825
10534
2404
3346
4532
11374
6594
12298
3683
3043
2564
3062
4313
3276
14013
13974
509
2231
4435
5179
7416
4159
7505
13422
1027
11708
7385
4749
5366
9872
5874
5190
5405
14630
14888
1288
2355
6481
4938
6037
9523
7501
450
5187
2128
14462
10512
8989
1693
6299
5519
460
10457
13023
13881
2836
9731
12618
7584
96
7489
4810
11638
4246
10791
11525
11885
13145
9357
1822
10534
10231
674
10983
418
2802
1797
10929
3142
9841
2227
8660
10300
12684
6683
532
6871
7765
4501
14454
14212
3342
10615
10849
7587
12757
13725
10823
2254
8081
12645
12787
3312
4670
121
10081
7471
1917
6009
1964
11757
8236
10624
13408
12271
2306
5292
4141
1422
9792
9946
633
13133
11913
2834
12071
1021
7910
7894
3274
991
11890
7412
10654
1559
13885
5734
382
801
3094
2345
3910
2681
12968
8669
14951
6625
13960
10443
8046
104
11741
31
4588
8653
9216
1659
9673
2125
904
4299
9467
12793
3062
11472
14351
1946
8557
14732
9099
3003
2077
13008
5683
6396
13028
11986
13021
3340
7428
12418
3443
10520
3800
8030
10524
4367
1040
5197
12844
1943
847
13662
14735
3908
10134
5438
12206
10042
11521
6304
13044
4949
10663
10079
11345
8690
7064
717
12029
5843
4486
6823
1363
8286
14853
11886
4004
892
8434
1847
9187
632
509
273
10892
1994
5710
8097
3387
2231
5752
1431
7179
1414
2861
3523
10103
1276
10591
13484
7118
77
5306
14832
14714
5158
3070
3717
12402
2855
5564
12940
9839
12424
13212
5730
14417
3922
5178
2803
6152
10929
10585
4682
3694
13445
14557
13796
14720
10147
12279
13190
1575
2585
4373
1288
14094
13794
11357
2847
8001
8272
786
2839
5695
13998
14920
11463
2919
5097
5617
422
7377
7554
5103
11070
5998
4659
1217
12070
6158
4848
1611
7732
7432
12335
372
12877
11129
11728
724
4129
11351
1509
13319
8397
506
13238
4859
9776
9686
1827
10197
8414
9380
6652
4483
6730
2662
12051
10151
8819
1898
11761
1551
9329
9095
8274
13558
11575
11353
14281
703
7703
789
14021
1099
7647
3610
12309
2422
13295
14135
3971
6708
14867
10622
2542
6596
13283
14593
1746
7102
7842
4858
4
8523
13952
14629
7080
1879
10981
6360
8933
3683
7148
7954
11133
6146
2915
14793
8568
1210
5279
12538
14269
5145
14511
8163
3092
12793
14107
4837
11246
6948
9694
2601
470
14998
2229
7549
1876
13209
13908
10808
8243
12408
10113
10727
3553
4380
10519
3472
5589
798
1009
11209
5942
6871
4371
9034
4664
3477
5222
7261
1777
6268
1214
2246
12617
3442
9795
14492
8003
54
1651
7597
3813
3116
3324
13718
7495
13842
2189
4435
5991
9550
6995
11933
1420
11366
12318
12435
6194
8891
11048
7970
158
12261
1568
12774
702
2714
3617
56
2767
11620
7653
12932
6087
2328
11649
4933
1169
5189
719
7160
14738
7713
10444
7510
10430
14113
4944
7976
14355
7343
945
14513
4603
8864
3638
11657
11577
13607
11712
14344
10226
10716
3627
7664
13043
275
12596
5564
11815
4666
4075
11553
12378
14518
10414
14160
4982
6709
7135
4336
14052
14431
10200
3654
8295
5190
310
4871
3796
3374
10566
5373
5441
14192
13036
3484
5818
1983
399
2633
6648
4473
14185
10377
10342
9598
9536
323
7658
1670
11010
6709
1101
6210
10363
9395
11399
2024
5617
194
5397
1183
11918
2190
374
1305
5673
6192
3287
12423
8824
1286
1895
14360
11662
12236
309
6198
3910
7966
14219
14919
14675
319
6128
1389
1065
8878
9764
6682
423
6513
14216
12340
8702
14589
13644
5726
12132
8282
3148
5955
9567
5042
11666
12581
8629
11974
3778
12538
11292
2996
12456
2318
9667
9936
10058
2083
10165
4821
8764
10588
11333
7979
14279
11386
13920
4275
2111
11051
12556
5258
8358
13475
1651
11375
11055
10279
14701
14832
14168
10992
9179
11624
4661
3845
12911
14718
5928
8075
10890
6043
10014
13575
5374
9293
9960
10645
4919
12071
13047
2474
8680
12756
7300
10331
9131
3354
11961
183
9537
11129
2526
10068
14104
7186
13912
3366
13255
11191
2792
9144
8586
4158
7718
5311
13450
2678
955
9720
6100
5353
12193
6131
3109
10845
7813
3591
14198
4774
3773
87
7254
12650
10154
12709
4835
417
7426
3089
11608
10217
12232
11545
14374
11302
8207
4175
5331
513
13894
11430
5865
2439
2560
325
13283
10373
10267
3832
6498
5391
3918
5103
3040
14071
9163
7874
14488
1588
2314
2447
11804
14546
5343
2530
2199
13549
6704
7529
14061
11950
10310
11277
5740
4221
11602
4022
5945
6868
14205
3794
12259
3123
8896
298
8545
3058
14524
14384
4645
1837
8182
7801
7734
13524
10330
9932
12072
8385
8812
2484
5334
4121
13761
11073
8342
10362
6446
5638
8581
5651
9432
12191
125
3327
12489
8669
6385
3364
14405
2381
5200
7586
10181
4286
6110
11862
14217
9533
5247
14381
3369
1932
3501
2129
4357
3194
3842
10802
8832
12422
7804
3263
965
14280
12941
13453
14301
10677
8168
13705
13058
13367
6290
14590
9004
3751
11452
8221
13284
8050
13953
1652
1333
2453
10132
5689
11999
13973
7843
12182
2746
646
444
3710
14926
4736
8514
14226
413
1681
4282
13470
6400
10571
4411
403
14322
7214
14975
3957
6615
13927
11960
7948
7732
7091
13636
11082
12415
6478
8263
6512
13476
58
1574
13401
4793
10087
3978
5205
3120
8259
10026
871
10181
5789
7625
854
13002
13952
4810
4617
12878
8121
3916
11961
6563
2551
8042
10329
381
7656
1841
13856
7713
3414
3608
12506
4852
13937
9062
14323
7195
10440
6545
8727
1228
14170
9581
5581
13121
5742
1549
2350
13863
5464
14311
11777
8015
13704
7106
14747
6360
298
13602
5424
10063
8561
9281
14914
7497
3343
5589
6043
5134
12133
14769
6361
2654
701
11941
774
6443
4842
3124
11657
10305
8786
8433
9671
13841
6890
9417
5200
7187
14370
10624
2249
7930
4904
8515
426
14598
14103
6468
4731
2587
12589
2443
5241
13289
5736
6014
4731
10577
489
7739
5881
626
1172
552
14467
14413
1320
4666
6600
690
6641
8848
8619
2897
8714
397
8846
7816
13216
13577
1755
10804
7371
6995
9093
13106
4360
5175
8682
4849
12914
5915
5474
5437
12818
11292
4849
14137
958
11448
6178
13950
11648
6149
8198
5361
6545
2044
4529
4760
6972
6283
564
14342
4629
1008
3800
8988
6182
12481
5188
4095
9747
2014
9531
7564
13305
5732
13053
5614
2179
4230
4564
5178
10378
12761
1891
8274
6156
12771
13034
13127
10405
4949
3821
33
5956
7620
9020
12137
11452
5560
7584
6199
7573
8466
13762
5877
14197
3166
2843
1376
7396
7406
12905
9125
11518
6147
2399
9026
3917
6784
7152
14321
3084
10972
5705
9039
9943
14725
12527
6395
11636
11462
3945
4208
4928
9058
1436
4124
12224
4278
11851
4619
3035
1108
5095
5905
7254
7493
14930
11171
5628
7081
1843
8711
9405
7548
9101
10699
13624
12980
2093
10259
9441
6037
5818
5720
95
7253
1196
3670
2883
13046
8288
5917
14153
4734
11821
12759
12227
11750
8929
9206
10183
2123
2917
10939
9670
3369
6637
14645
1348
8730
1255
2141
6118
7072
14212
12564
5677
407
1233
8559
13453
872
5827
3957
5606
2648
1715
9184
5749
1995
3389
7283
4118
12657
3221
5139
7378
9858
11136
77
3587
12390
2217
1056
4462
7781
4972
1490
8187
6204
10048
12991
13428
7226
1948
10385
1225
10014
4568
6974
12009
14308
14256
7478
3317
2477
3968
10694
3686
103
10770
7272
12493
4339
14679
8306
12119
4650
9795
11657
2206
11194
9648
633
3419
2947
11017
4644
12960
6936
2969
1320
12595
8576
149
911
2404
4117
2956
6089
4219
13726
4712
8063
9416
4391
1368
12886
392
2514
9542
2597
13707
4189
9581
8478
13487
5597
4473
11447
3884
7441
4118
1479
7368
4267
8741
9772
14735
11697
7212
10305
1774
11924
3368
11189
1314
11087
9074
8057
13601
9967
10654
3659
5508
5234
3488
3994
2183
7960
6792
6066
6752
10910
13896
14120
6528
7637
243
6262
4333
7454
1566
6106
4377
11285
8646
12042
7372
9071
5099
5972
4037
7104
982
9544
12337
4470
13538
5871
3781
5329
11937
10533
7590
10832
1004
14117
9820
1246
11730
14152
51
13296
11609
10780
9580
11606
7821
8303
5676
4271
14274
1065
2726
6608
10608
63
2429
497
5933
6209
5826
9221
8093
4767
11405
9096
3884
6224
1693
613
11728
8096
5260
14688
3875
6192
11294
3047
14494
8321
13670
5120
9385
1395
3079
11345
1457
5507
11841
13742
11715
2666
14314
4808
13785
10718
5255
2668
8294
13300
9632
5021
6395
6244
11060
10269
12435
7353
13315
3280
7026
11984
8399
7762
4731
11477
4106
6187
8335
947
11280
5050
9964
10594
1209
8748
12663
12815
2767
5956
11114
12399
2328
2508
9994
13388
4128
7428
12092
8795
2059
4117
5778
10458
3231
1860
13286
7336
8047
6621
8282
10678
3022
9598
12623
10582
3345
1638
8396
12464
7593
4510
9862
1273
13369
4855
14660
2497
3634
3103
11291
5692
13572
8420
7501
1802
10280
12139
9137
9678
10111
8771
11707
13132
3368
682
65
13064
2319
8460
10527
1263
4321
11740
2535
9042
7946
8546
11538
2931
11649
14180
8623
10220
7599
7475
3373
9230
4613
12509
3907
14723
12631
6966
4206
7350
7647
4270
11766
9965
4082
7292
11227
14754
10384
5114
8795
9681
5011
5332
12612
1659
10863
12586
3230
9814
5060
6602
4043
1025
10463
14302
747
14445
6267
11305
6795
5265
6926
3560
229
11007
2203
2807
10761
3938
14272
10907
13619
4283
7591
2582
5941
3453
167
523
13266
11578
13476
8661
12602
290
7962
4701
14735
5580
1005
12881
10844
7930
1440
2424
10289
9994
5230
12401
13932
4502
8307
3902
136
897
6483
12428
10702
13001
12950
8967
9578
2778
2627
7180
3067
1940
3232
9153
7519
10588
7033
9714
3517
14824
12137
5157
9818
2367
2557
101
13220
2216
4002
13355
3112
1836
10782
5165
14836
84
14132
9413
2861
8110
7944
12279
1402
2527
6432
8920
13114
4816
3634
7983
4640
770
13139
5809
9488
7048
5909
14059
9263
1262
3765
3726
3097
5899
8891
2932
5982
14374
3696
194
13835
2992
3824
236
5518
10255
508
3632
6423
4141
2966
11062
11262
1104
1870
12102
8151
7778
11160
8765
9039
14925
12491
3487
12175
12733
12770
3156
12106
1465
9701
2292
10808
13524
2528
7678
131
3035
2661
6553
13527
5626
2614
1140
6729
10835
13241
6232
9964
9401
14996
10354
677
3838
13840
12851
1570
2961
7358
5027
10777
8410
13671
6585
6933
1198
14262
13415
10584
1922
4967
462
7547
13932
1601
5627
1118
14842
3210
11081
594
3206
6434
1270
13395
11625
5472
6317
14585
12829
11343
10362
6238
10013
8298
4522
2562
7559
2937
4497
832
14255
4958
14730
4539
12911
11708
5656
12752
14918
1737
13345
9475
14522
5966
7869
2499
11437
14185
2083
617
1880
3796
13206
3244
12093
2727
12158
11003
12015
1654
11834
2622
12964
2915
7160
10874
14623
12815
14977
5892
5903
4673
366
11777
10638
14586
14275
13426
13771
7709
14042
7002
11505
3599
10245
14949
12677
7402
10952
9692
408
14137
12313
4723
2052
10824
6948
8026
8638
6924
13917
5893
11596
14282
2669
13585
13867
1943
12010
3989
1003
2403
10990
12507
6001
12587
12456
3677
11340
8407
4720
11747
13895
8384
7821
946
4207
14768
323
4197
13043
14239
10089
990
4872
12757
14574
10091
6051
2935
14079
7053
5337
1421
10912
11337
14007
14719
6366
1698
14477
11085
4797
13371
4469
12617
5669
27
12385
5991
4223
1779
5230
14311
2769
10101
3419
8694
5191
821
11629
10622
14226
1965
12042
1489
4654
2400
1207
2371
4097
683
13455
8893
14053
9275
6510
4721
654
10246
2064
4876
3376
7293
10539
6144
8745
5309
14838
5288
12482
11466
909
11707
4782
4302
13195
787
6701
5753
3157
10797
6435
7964
11042
11839
8590
8903
7912
9243
10500
9975
14119
13875
8619
9657
5019
2363
6317
11208
7650
3798
7673
14910
504
3806
4211
5050
4593
10911
2154
14101
13060
14940
7064
453
11779
654
9355
11042
1248
4854
12368
366
3728
5986
1374
98
14700
14043
11305
13702
2840
3977
13611
9696
14135
2822
6097
10079
5084
8251
9179
9495
8190
7595
9947
11320
14600
10653
13713
847
506
11080
7565
10586
8417
290
10683
14469
14332
6988
13170
2172
2316
3132
11867
1450
12305
2963
2880
2389
11213
12059
3235
10755
4653
4534
7074
4252
186
5787
11450
7044
8218
4014
2629
1635
4304
13311
7455
3635
11650
5624
12158
5318
8755
9024
6767
6060
3339
999
14800
5903
13057
3034
1657
9061
7567
83
4664
14105
12221
1113
6148
5438
11479
128
13424
782
4790
5878
10768
1440
2853
7926
6757
2960
8301
4875
9019
11639
5873
170
8894
10281
9555
10550
4341
8474
1984
9004
7578
14204
1469
5077
10994
12947
5204
9417
5080
9993
6647
7199
2784
9499
124
9540
12458
14777
5767
12828
11415
11639
4349
5308
13272
13904
7210
2612
7377
545
2968
6306
14749
10788
11382
2094
86
1585
2862
11517
2929
9508
3715
5713
10359
10191
252
14168
9967
12370
3348
12733
361
7696
9393
13632
12951
7954
7595
11679
8498
1914
2984
14598
12701
14365
1691
12786
7301
4553
654
1582
5412
4369
7294
770
5911
13897
6290
7229
11267
9637
4961
11627
8684
5705
1610
6635
13658
9204
3313
7156
11118
12649
13105
8818
3365
14796
12956
10666
10700
4961
12247
1111
681
10892
1881
6591
9788
14522
13819
12406
9158
10132
9032
9193
836
10641
827
14494
11197
10492
13001
